#####################################################################
# Alchemist log file - simulation started at: 2024-05-19T19:42+0000 #
#####################################################################
#
# Algorithm = sm_av, CamHerdRatio = 1.0, NumberOfHerds = 8.0, Seed = 99.0
#
# The columns have the following meaning: 
# time 3-coverage 2-coverage 1-coverage CamDist ObjDist NoisePerceivedNormalized[mean] NoisePerceivedNormalized[variance] NoisePerceived[mean] NoisePerceived[variance] NoisePerceived[percentile90] NoisePerceived[max] BodyCoverage[mean] BodyCoverage[variance] BodyCoverageOnlyCovered[mean] BodyCoverageOnlyCovered[variance] FovDistance[mean] FovDistance[variance] FovDistanceOnlyCovered[mean] FovDistanceOnlyCovered[variance] 
0.0 0.0 0.0 0.0 0.0 0.0 NaN NaN NaN NaN NaN NaN NaN NaN NaN NaN NaN NaN NaN NaN
0.013792835334982323 0.0 0.0 0.0 0.0 2.0 3.571549781395077E-5 0.0 22.232896788528954 0.0 22.232896788528954 22.232896788528954 0.0 0.0 NaN NaN 0.0 0.0 NaN NaN
10.013792835334982 0.0 0.0 0.0 775.0 2591.5278 0.0091281458680928 1.5363218175224879E-4 25.4332145518287 12.59335022105001 30.423198953233477 30.968809400262614 0.0 0.0 NaN NaN 0.0 0.0 NaN NaN
20.013792835334982 0.0 0.0 0.0 800.0 2646.1895 0.0167883505861883 5.332467019838553E-4 26.12166026898561 16.76053126040684 31.84265949348696 32.423743952051574 0.0 0.0 NaN NaN 0.0 0.0 NaN NaN
30.013792835334982 0.0 0.0 0.0942 773.4827 2790.8419 0.028665164420498403 0.0022290423775321202 26.80469678580954 20.55025490467693 33.25466708508851 36.29752836478745 0.016111563009083243 0.002522622340778969 0.17103043809642204 9.610839200137793E-5 0.06261880930246967 0.04092527021116242 0.66472274490314 0.03364530572218972
40.01379283533498 0.0 0.0 0.1014 715.2201 2746.6445 0.02376840397904343 0.0021453524035131718 26.72944429408204 16.1915989055259 33.04942226120204 36.308786300377605 0.018216290662511125 0.0029911348146639096 0.17956057938760966 3.2234108522380953E-4 0.06592789199453197 0.04381922760762801 0.6498606496603865 0.053121944975312946
50.01379283533498 0.0 0.0 0.1087 713.3726 2811.6791 0.022950255264423885 0.002492452452694337 26.82087962343664 13.624317541185503 33.07319478090391 36.81583468521034 0.02119431683372252 0.0037745120201457295 0.19498771487024721 6.281774014146813E-4 0.07049120637206063 0.04642024704283064 0.6485190986229578 0.05261728071039982
60.01379283533498 0.0 0.0 0.1087 716.6415 2917.6553 0.022376883961071795 0.002364124985352786 27.031306263386263 12.068536863815385 33.1337678661232 36.965226958152776 0.02523972223153644 0.0049818227791816735 0.21769260424700176 8.120410303524082E-4 0.07027033488655621 0.04349480121471184 0.6060816383965472 0.050857432211462626
70.01379283533498 0.0 0.0 0.1159 715.0914 2885.1163 0.025632657570244 0.0026277648782073405 27.31817335231279 13.395597778173805 33.68832226793735 36.890725083391374 0.028732009253725595 0.006505471074992166 0.24781357981338326 0.0015058216619661068 0.06858690174048998 0.04326742259689047 0.5915620275117262 0.0651787522628724
80.01379283533498 0.0 0.0 0.1232 708.788 2752.2941 0.029523893519245337 0.0033977851495495424 27.295803244041196 16.028787118407834 34.02560093546564 37.23657527422884 0.032991316963283834 0.008003606611693106 0.26781186711371585 0.0017126685168863775 0.0698145584758908 0.04230152177921002 0.5667299452748783 0.06298889839472349
90.01379283533498 0.0 0.0 0.3478 695.9069 2860.8427 0.05610844619070687 0.006583735977544366 27.998583334039782 26.290454112451428 35.45014570359264 37.06834973541256 0.08745180584925254 0.01772922294987065 0.28065928388829886 0.0023144816598868953 0.16330142693739497 0.07798173362875338 0.524083649240942 0.06078701834183147
100.01379283533498 0.0 0.0 0.3696 528.1802 2814.4196 0.06280785091485844 0.007874362626457878 27.97060085835422 30.054023866933868 35.73739035887476 37.33807821808518 0.10157157080691888 0.018948989954868677 0.2803375354270961 0.0018422678943594817 0.21158817561864157 0.09740626118798187 0.5839833647074507 0.050429142989918414
110.01379283533498 0.0 0.0 0.3406 528.9313 2838.0399 0.06744443218783396 0.009685581072382378 27.871140902818304 32.9410106615831 36.18987493325819 37.951588142757245 0.09874203802183691 0.01947454084086052 0.28992343078752114 0.0013673418784738629 0.20064080083474428 0.09647401252247627 0.5891155428764832 0.05349312638366049
120.01379283533498 0.0 0.0 0.3043 534.6906 2941.1598 0.07531669726426099 0.012943489076776966 27.95074142378659 35.55054435452908 37.16795327651944 38.548623588974124 0.09357217541250189 0.019314829399216665 0.2934763683392105 0.0015064357961065674 0.19517145913289932 0.09679681646225852 0.6121286672804569 0.047232083937912825
130.01379283533498 0.0 0.0 0.2826 532.4671 2897.2176 0.08034012635531755 0.014131809893700989 28.281894967304044 34.907568669533205 37.51537661161965 38.29982415820364 0.08121833962843952 0.017536973301028734 0.2873879709929399 0.002415503493444711 0.1886688753069312 0.10209999674178104 0.667597558778372 0.03995174676209307
140.01379283533498 0.0 0.0 0.3043 541.1623 2832.262 0.09613502165241175 0.01959156255577611 28.797728783969184 36.9942663447181 37.80746029530033 39.69789048278889 0.08218811402489397 0.016291028126755355 0.2637665054752411 0.0041051440169171715 0.21261093835711134 0.1112865272327082 0.6823327789135201 0.03486833460005364
150.01379283533498 0.0 0.0 0.2899 547.2181 2871.5567 0.11612294325580087 0.030369541239995856 29.186488546709167 41.2793543089833 38.28998005237113 42.01639049443464 0.06952456856121841 0.013187442502785206 0.2398597615362035 0.004420955696242173 0.20561103695825408 0.11190307857417783 0.7093580775059766 0.026595909624925352
160.01379283533498 0.0 0.0652 0.3406 519.5709 2817.8436 0.13252469388433236 0.03972157207992943 29.41857249486447 45.55463350261741 39.836012844964785 43.17752090553207 0.08205585232078562 0.01487110559987489 0.2409299493674131 0.0051803835607108235 0.25456078869628923 0.13413809672491206 0.7474338051082535 0.023099813238914066
170.01379283533498 0.0 0.087 0.3188 461.0113 2897.9026 0.13982674571041506 0.04686697007579794 29.605057726925093 47.019727989173404 40.29923367162915 44.42000266235305 0.07494303255838153 0.01368983715521697 0.2350486021149239 0.00510869107909888 0.23798820207685492 0.13027709841270613 0.7464175428774086 0.02674272078853536
180.01379283533498 0.0 0.0942 0.3188 447.0972 2911.9848 0.13971181317042422 0.04839057983319275 30.071160054812566 42.87662549699819 40.314955952653875 44.823614584767704 0.06898209645152492 0.011842648611714367 0.22138440256535902 0.004086777137983897 0.23357796327745142 0.1275098886095208 0.7496223007508906 0.01987633254793018
190.01379283533498 0.0 0.087 0.2971 451.8196 2889.7192 0.14588576012757326 0.05384777263778101 30.835997653701273 39.22299693855656 40.5202704380219 46.65650655957102 0.06220373050900015 0.00992534183101586 0.20936865390834197 0.0024122808087186794 0.22207519227161496 0.12338430320735165 0.7474725983776309 0.02005307005417465
200.01379283533498 0.0 0.1014 0.3623 435.1046 2878.8876 0.15902727096796523 0.05195473280926605 31.836785139921886 36.661577818977435 40.43025542781053 46.43889665076991 0.07013634325687589 0.009498870990018582 0.1975268442744668 0.001424087217951935 0.25540636948211737 0.12929660795023848 0.7193077344598408 0.02839439867270725
210.01379283533498 0.0 0.1087 0.4348 314.6357 2816.005 0.16514447760734105 0.05165242748771344 31.93369240765791 39.23046580625331 40.36873032074717 47.45285885919258 0.08606895159268856 0.010095552102262524 0.19795858866318367 9.172840606661699E-4 0.3080197006862198 0.1370553339695192 0.7084453115783056 0.029759355143754027
220.01379283533498 0.0 0.0942 0.3986 274.2497 2897.1795 0.15759142917123067 0.04797154942398466 31.691240215986582 38.83685511274168 40.116126137983066 47.109806898005004 0.07615241582542835 0.009092362593524703 0.19107333425289297 7.027019823919076E-4 0.2909111030659993 0.1394648754354579 0.7299224040565073 0.02744921855878854
230.01379283533498 0.0 0.1014 0.413 301.7429 2802.6824 0.1572076148728468 0.04720824054874235 31.640592951273337 39.30666537781098 40.04523574586727 46.51450141600566 0.0757264597062174 0.008719165636557275 0.1866116328474643 6.499591268087922E-4 0.29447904563409566 0.13854733968739552 0.7256805053125929 0.026504980376656617
240.01379283533498 0.0 0.1014 0.4275 290.2806 2829.8975 0.15459327635581802 0.04323516589189237 31.594360992273835 38.463008877229825 39.94059661676634 45.58379958229053 0.0767015716714257 0.008125872503667517 0.1794036761128262 4.5106143457103177E-4 0.3045212687858577 0.13632023353216183 0.7122700863126843 0.026563140554072998
250.01379283533498 0.0 0.1014 0.4348 288.0868 2845.3111 0.1600192054457442 0.046994065066810684 31.698858351245434 40.12601192087557 40.541262447082104 47.19194868671216 0.07542322406633836 0.007811217327890889 0.1764136427314355 3.273724706514421E-4 0.3040935161159922 0.13597789981406777 0.7112695800679141 0.026583919677598798
260.013792835335 0.0 0.1014 0.4348 268.0573 2707.6178 0.15207285568489012 0.03974621654943367 31.585988743155784 37.405321573445924 39.82286607834202 45.12882274100251 0.07759892264362332 0.007778151849283729 0.17555166106262327 2.7775135519166207E-4 0.3149069457213758 0.13971532725419505 0.7124124345827847 0.031109013265973037
270.013792835335 0.0 0.0797 0.4493 281.4036 2891.9389 0.14765531241311955 0.03629366344103329 31.53860810956933 36.15285998675287 39.764793070606046 44.12864963211987 0.07864021811723453 0.0074682683902672934 0.17225952539965658 1.1553662421934126E-4 0.3219638039554001 0.13943975637217246 0.7052540467594478 0.033439934665592905
280.013792835335 0.0 0.087 0.4348 310.0661 2850.4284 0.15044440077206925 0.038556049265435384 31.627156255265085 36.93205681844811 39.34211311563712 45.1291508102708 0.07532486935731837 0.007459788049756102 0.17324719952183226 6.957278842932133E-5 0.31783176849379374 0.14476808169670194 0.7310130675357256 0.028996126453997927
290.013792835335 0.0 0.087 0.4348 305.5469 2909.0235 0.1500449304704446 0.03880445330744705 31.621634982750177 37.04923357901324 39.4065565695035 45.38981898144918 0.07592192410064666 0.007571305576695066 0.17462042543148731 5.393909316484773E-5 0.3189031699214643 0.14594077950346496 0.7334772908193679 0.029644823891081497
300.013792835335 0.0 0.087 0.4275 289.6618 2796.9552 0.15986107992711257 0.04540624824378923 31.80961594939289 39.6785753263892 39.83271653368648 46.31928261664514 0.07506171132555581 0.007620209835936716 0.1755680705580797 4.951725752262856E-5 0.31822597030164046 0.14791429262122854 0.7443251508750234 0.026759210584412153
310.013792835335 0.0 0.087 0.413 278.5723 2720.8191 0.1604119657999618 0.047606025672901356 31.818928073511515 40.348789111074105 40.15389859311135 46.978714871243554 0.0715509355857962 0.007342742242922084 0.17322858089192764 3.5493885820229004E-5 0.3021192383732557 0.14201231036465206 0.731446577114198 0.027785282394492426
320.013792835335 0.0 0.0942 0.4203 305.2557 2823.399 0.1520403545603215 0.041493618616464084 31.68814434040373 38.08278010063133 39.47588683396707 45.241474857114895 0.0731684864155568 0.007446433808029859 0.17409053664391103 1.9756955430356652E-5 0.30462623485412965 0.14024455198191926 0.7248003518943086 0.027193814807754787
330.013792835335 0.0 0.1087 0.4203 279.0704 2811.597 0.14962115945977134 0.03843310593842571 31.721763006506773 37.51550982273251 39.38834593430651 46.600930075870004 0.07255279802426928 0.0073210164401023925 0.17262562288533034 1.792098619267247E-5 0.30861407671040797 0.14317252467984265 0.734288665276488 0.026064743917206746
340.013792835335 0.0 0.0942 0.4348 300.1214 2858.3454 0.14921786724395503 0.035943334530741035 31.335214265455722 56.344558952536396 38.90114416588667 47.484196683722296 0.0745380692121683 0.0072829787187356125 0.1714375591879871 1.7548501455394426E-5 0.32049114416849633 0.14693757445094077 0.7371296315875415 0.028872088399921936
350.013792835335 0.0 0.1014 0.4348 302.0828 2819.4957 0.14797741451122937 0.03155589104597781 30.73531242243058 79.18464736212464 39.07334583001191 44.91736615492191 0.07592473017926961 0.007336526895518474 0.17176414368424928 1.559870635231067E-5 0.3254122567905167 0.14707277918281647 0.7361785481490379 0.028378891599868766
360.013792835335 0.0 0.1014 0.4565 294.8611 2804.1999 0.13947166047759732 0.024149716732608018 30.00624933106682 100.05983180361757 38.1489825692114 41.99270243136212 0.07874563614913835 0.00723057878238727 0.1697952779465796 1.8446699799100343E-5 0.3321120858556725 0.14189079530847062 0.7161166851262938 0.029199119242430096
370.013792835335 0.0 0.0942 0.4493 300.9436 2832.9426 0.14219716079693231 0.025193034063428824 29.762365857063624 112.15687494398563 38.45772582560419 42.332061039524476 0.0775226800930921 0.007219580168508139 0.16981158496582077 2.8448302905601632E-5 0.3301489183491052 0.14446767601746088 0.7231833449551829 0.030406559379258218
380.013792835335 0.0 0.0725 0.4493 281.9265 2765.9399 0.1406755701333379 0.024887298527115447 29.35674440193031 128.42657232732756 38.13638262556658 42.205048808756366 0.07658401084756086 0.007267478945720802 0.17046118543489353 5.7293749291291436E-5 0.32740778711093266 0.1451203344241412 0.7287463648598178 0.028657311149700913
390.013792835335 0.0 0.0652 0.4275 290.6427 2845.8637 0.1453360763665081 0.025544947597971292 29.650410570814078 129.06162259073105 38.16056234036529 43.835418464459465 0.07289914690960134 0.007185714368667684 0.17050986904279636 4.26029839541956E-5 0.3147677724046678 0.14683201657926281 0.7362364846075281 0.031176695374922927
400.013792835335 0.0 0.0652 0.471 283.6962 2843.404 0.14976713818356185 0.024354999410766433 30.002641329128135 129.1675815759604 38.235801758001635 44.64797630414133 0.08050196215013188 0.007342588535906156 0.17091185810335688 2.4165849685142453E-5 0.3337000040660192 0.13899105478279258 0.7084707778632409 0.027864926548880238
410.013792835335 0.0 0.0725 0.529 275.9795 2735.7991 0.14906756151559197 0.020111363403607953 30.17508933653641 128.24447057666185 37.922419587378236 42.89555356641438 0.0935938604159873 0.008937867785090125 0.18191482728741193 0.001196263610342944 0.353017264745812 0.13656989924673127 0.6861462328862261 0.03544625644871311
420.013792835335 0.0 0.0797 0.5435 202.8924 2826.3443 0.14400628550568867 0.01684740555995759 30.086902425348015 126.99948301585795 37.42085657911583 42.64486749771222 0.09657637621508271 0.008471300287731423 0.18010189077947855 6.490206837991523E-4 0.3799978825091845 0.14004464325741167 0.7086446998144251 0.026739357012215772
430.013792835335 0.0 0.0797 0.5 191.7839 2799.9047 0.1299136625500867 0.012007443025021648 29.819183996878603 123.76282550563539 36.91777373688354 40.999010534023164 0.08836388209906132 0.008056530934127787 0.17672776419812264 3.8553671982922565E-4 0.3611900223590378 0.1447231807559857 0.7223800447180756 0.026821172247534674
440.013792835335 0.0 0.0797 0.5362 215.7254 2813.4585 0.13224330805535947 0.013978988306827042 29.848447171112547 124.47727513850992 36.911539009485885 41.90559093281641 0.09331720304029567 0.007694115742944778 0.17402397323730814 2.023329909271729E-4 0.3815597898059781 0.14184443472302702 0.7115574458543915 0.028172303433555985
450.013792835335 0.0 0.0797 0.5217 212.1401 2771.8826 0.1315547641440091 0.01367532722669122 29.831083549145113 124.36776435499642 36.72603906231602 42.3139981348571 0.09161207466415398 0.007861232485976116 0.1755898097729618 2.1553752406349265E-4 0.37891724350104405 0.1463368538689105 0.7262580500436678 0.026556294170470632
460.013792835335 0.0 0.0942 0.5362 205.4017 2802.2595 0.1294557171322543 0.011747153941428484 29.785932166295897 123.83555969269723 36.62370341487267 41.307111535118146 0.09561563093060281 0.008589678788664089 0.1807528365537423 7.417252906130248E-4 0.3870136318711654 0.14860059095652325 0.7316148109345318 0.027136974011952922
470.013792835335 0.0 0.1087 0.5507 226.7189 2790.8376 0.13893609958931555 0.01566627798295175 29.929993941992496 126.27283460754218 37.006339307977825 42.55955525452008 0.10231177441505537 0.009446366490130134 0.1857766430168111 0.0015427953819819851 0.40803088546704813 0.15174501758285489 0.7408981867691137 0.027278508415660763
480.013792835335 0.0 0.1087 0.5652 214.4501 2871.9868 0.15175745882148395 0.01950610095311547 30.171294638442546 129.31394344404058 37.32509823035109 44.169835654062936 0.10721737871555333 0.010637536585484617 0.19215582159410854 0.002639387617630363 0.4152275935657344 0.15453839687830026 0.7441741287281993 0.03056132604895
490.013792835335 0.0 0.2101 0.558 184.9968 2821.7224 0.16182834437104016 0.02037804155135907 30.33490085903637 131.15168675657483 38.33676173410674 42.20161484387785 0.13557067582077678 0.021051201386430195 0.24297082160087266 0.011509102132923672 0.4153122433104045 0.1553921242816181 0.7443258386602054 0.03199914953028606
500.013792835335 0.0 0.1884 0.558 104.5386 2813.9764 0.15846997493465864 0.01758770707991907 30.285558288396377 130.29726485532208 38.08222793438029 41.22343921311773 0.13312635459063174 0.01869923984967425 0.23553124273727155 0.008837284612162636 0.4162962625906055 0.1525800035012521 0.7365241568910713 0.03255487338161752
510.013792835335 0.0 0.1957 0.5435 108.9032 2774.1687 0.16056340245899672 0.02013116299054512 30.2683815778195 130.99394930335197 38.298660345993135 41.61804440964235 0.12304804584551168 0.01638153943384481 0.2264084043557415 0.006610092758666924 0.40916656168097343 0.156303644635165 0.7528664734929911 0.02711606451466417
520.0137928353349 0.0 0.1957 0.5652 130.7624 2775.9694 0.16988005547436527 0.023312658885393207 30.39106946593896 133.2547728013434 38.85548844842693 43.21402543110706 0.12095748135333369 0.013919621818222521 0.214001697778975 0.0045958676230592275 0.4191893296940957 0.15220150653085182 0.7416426602280155 0.028549156076818585
530.0137928353349 0.0 0.1812 0.558 109.7035 2812.4558 0.1687364469139445 0.023929191303067136 30.31055606062544 133.18180606996805 38.70969293527683 42.59097334431986 0.11232325959130134 0.011771329266085578 0.20130662108570888 0.0030707334491657744 0.4191226310627016 0.15486033514659345 0.7511548452812054 0.02646684492905582
540.0137928353349 0.0 0.1812 0.587 127.0664 2702.6945 0.17861591042611732 0.028700651251344154 30.46937515033271 135.6518891174304 38.91071985367431 42.99715776311199 0.11562962345187419 0.010839388997711436 0.1969986177328227 0.002332504516428298 0.44069086043138345 0.15258369680201347 0.75080665110532 0.025552120044536237
550.0137928353349 0.0 0.1812 0.5725 125.2765 2807.9845 0.18354171540141354 0.03295529355719323 30.51818146444996 137.1818063401008 39.579508610445316 43.86410498858115 0.1081261101811214 0.009549541350481526 0.18887852158221205 0.0013249727528805168 0.4292946692115322 0.15278784658668768 0.7499071436859676 0.02484612526002966
560.0137928353349 0.0 0.2101 0.5725 112.6897 2787.4314 0.18124573160129914 0.03312678091849875 30.44907313176675 136.83646638379483 39.556505000615836 43.84618551198638 0.10795881240424618 0.009408055097121133 0.18858627989602497 0.0011242314143631736 0.4301041556396572 0.15408201460326762 0.7513211832692747 0.02620000737357313
570.0137928353349 0.0 0.2101 0.5797 154.8963 2855.0953 0.19124565026389434 0.036182665367659204 30.589341768128907 139.1387605897293 39.90530982348231 44.27498384633271 0.10681963503181505 0.008685047506208195 0.18426387042988096 6.106018202036882E-4 0.4368179869622486 0.15410862196573644 0.7535110275098789 0.025599308079039016
580.0137928353349 0.0 0.2029 0.5797 126.0813 2793.1293 0.19824157474958792 0.039354932827708494 30.703491888529335 140.89053927819538 40.253120538492766 44.42530694967974 0.10574028604329194 0.008470714213283666 0.18240199342467858 5.294681970065293E-4 0.4349571830359499 0.15346831210497117 0.7503011407370135 0.026543345105954703
590.0137928353349 0.0 0.2101 0.6014 127.3617 2778.4325 0.19825522819783617 0.04277774861427163 30.661700814622844 141.90232122280784 40.525051869442095 45.55293901274857 0.10884777438585475 0.008153354311444516 0.18097581765358983 4.094477726701932E-4 0.4371785725750551 0.14494591426558165 0.7268752170525012 0.029024456264255174
600.0137928353349 0.0 0.2029 0.6232 131.9763 2769.266 0.2022026102204797 0.043167971544664785 30.69960833182279 143.19608265070582 40.91499435027067 46.454894393458446 0.11111745694472235 0.007657256909752061 0.178304756492694 2.209423447058144E-4 0.4519843107567824 0.14334988797602596 0.7252771498190229 0.03050132039939532
610.0137928353349 0.0 0.1739 0.587 112.0223 2795.6478 0.20664249770733936 0.051398072512599494 30.68777823590794 146.38127162642135 41.27081037814464 47.57769946553975 0.10107682106511488 0.007550811737455824 0.17435751633732316 1.556709643125412E-4 0.4190698589872525 0.1461308319315745 0.7228955067530105 0.031002383875070524
620.0137928353349 0.0 0.1739 0.5797 116.7799 2811.5897 0.20025624702829628 0.0499771865506561 30.551396555549584 145.45136701442695 41.188717147038695 48.39297272022098 0.09991737467579509 0.007354701901189365 0.17235747131574652 1.1071911600654456E-4 0.41075374111066704 0.14180977310638637 0.7085502034159007 0.03224860000179999
630.0137928353349 0.0 0.1594 0.587 138.4423 2846.5681 0.2072461831631944 0.05308038907748669 30.667251867528467 148.08631155824787 41.047840710162326 48.632840984665286 0.10039138922155172 0.007172990377330501 0.17103718163671774 4.965057663109837E-5 0.4237646716867551 0.14392737799199187 0.7219694406515087 0.0284897204340769
640.0137928353349 0.0 0.1812 0.587 131.8107 2811.6579 0.20564850408274873 0.050371535882966806 30.621782726106378 147.22287570636482 41.255238471981215 46.5890877738385 0.10198000376156614 0.007220320889695683 0.17162488437922108 1.1178772879401429E-4 0.4278492504354481 0.1432371367124092 0.7200389824401443 0.02927990061736068
650.0137928353349 0.0 0.1957 0.6159 109.9567 2761.216 0.1982846773710133 0.04759325975868669 30.463683331057396 145.7215758646559 40.9771157342312 48.575921889347846 0.10381036151364786 0.007009593504108176 0.17054559391527863 5.152678411998314E-5 0.4319863461092989 0.138499595598567 0.7096918543224197 0.029147907016154474
660.0137928353349 0.0 0.2029 0.6014 127.5189 2787.7723 0.19667513133276676 0.044878613669039134 30.84423322029079 126.48542649460175 40.90732205766387 46.471150892944806 0.10425684774460905 0.007077168168150638 0.17127910700900056 6.377073310913314E-5 0.42861344892782766 0.138040624474472 0.7041506660957169 0.03149288545489865
670.0137928353349 0.0 0.2029 0.6087 124.4323 2833.9291 0.1845744043475329 0.04172297444476779 32.14038406973966 61.900112064266864 40.387333367177824 46.235367458973506 0.1030407058005294 0.007112524649894938 0.17132069157196456 4.269028361043541E-5 0.43831137100131673 0.14546997130491596 0.7287586650383339 0.028794018788551385
680.0137928353349 0.0 0.2246 0.6159 139.9857 2904.7698 0.18030480960470116 0.04011469219643941 32.532079901632144 41.752455398466246 39.867658468488024 46.72943163437826 0.10574844298469219 0.007045611600520191 0.17168570743397085 3.5803432693727876E-5 0.44496413295267645 0.14007030402661977 0.7224123570290512 0.025629874802632548
690.0137928353349 0.0 0.2319 0.6232 137.0325 2879.1218 0.18656478232598056 0.044250758500871484 32.6305747109482 43.82252337263871 40.09483429643892 49.59453992550881 0.10711095268804954 0.007010394937000975 0.1718757147784981 3.665865374334013E-5 0.45725097514131147 0.14179823019736157 0.7337283089476858 0.02329955682085393
700.0137928353349 0.0 0.2319 0.6449 136.8755 2873.1145 0.1903225661710266 0.04500575542796132 32.70877089171556 44.14242071686567 40.240412717557625 48.13023383211299 0.10962225418700643 0.006903113474580712 0.1719076258841692 4.001693045515323E-5 0.4650782706614351 0.13938870611082174 0.7293272880827051 0.024557920032156733
710.0137928353349 0.0 0.2101 0.6739 144.7269 2745.2643 0.20118883875568025 0.046743768327213865 32.95904518012447 45.59280167114155 40.58250098502913 49.63143902132347 0.11631794020229094 0.006405560033372601 0.17076463561612926 3.860360112341679E-5 0.4975987006947855 0.13582688364379775 0.7305172414455362 0.028108474530634767
720.0137928353349 0.0 0.2174 0.6594 115.6231 2766.312 0.1944691944812668 0.04493756306860325 32.82516444611069 43.97928209338074 39.93258148621478 47.33477339334798 0.11323970145924243 0.00669889851173709 0.17172614067445555 4.196557422211162E-5 0.48458072236951255 0.1392615413527328 0.734858677879041 0.02602454182129182
730.0137928353349 0.0 0.2174 0.6232 133.8219 2879.5848 0.19924839466673225 0.048511580942608226 32.88464862512825 44.99847521768956 40.60912697408645 47.64517237411964 0.10706944402240096 0.007024131097010194 0.1718091078498992 6.752548477384908E-5 0.4565390807480929 0.14280795093590093 0.7325859667818235 0.025565586333589053
740.0137928353349 0.0 0.1957 0.6522 141.2057 2779.0589 0.20702421924190254 0.05018328857779517 33.07653377569971 45.900582610625115 40.8455788702478 48.37384592180955 0.11130116967317714 0.006915343063381293 0.172579341740432 7.041082299457777E-5 0.48360179690817723 0.14544164532642626 0.7498544716104321 0.024506680512374812
750.0137928353349 0.0 0.1957 0.6449 112.6828 2833.6765 0.20195728004990515 0.05195690406237125 32.9517734710603 45.43376620566142 40.91810148644601 48.014668411777215 0.11190774918525183 0.007263638886016721 0.17549169758596309 1.5143084490908855E-4 0.46641329468683446 0.14088617285389946 0.7314208484861723 0.025795233261269465
760.0137928353349 0.0 0.1884 0.6449 125.7966 2754.425 0.20751650704761182 0.054142325676315876 33.05791776940002 45.91769147802969 41.023136351643075 48.1718258300225 0.11479188423609707 0.0069357001139176535 0.1740800002701252 1.221251931311527E-4 0.47581000036400267 0.13674819340330058 0.721558022530026 0.0288694435223014
770.0137928353349 0.0 0.1739 0.6159 113.1105 2816.5119 0.20528350359358177 0.056200227080836905 33.01241639647822 45.88953271977529 41.28017613276149 48.335238737267254 0.10509121355950647 0.0072270977051559476 0.17264985084776063 1.24546251778102E-4 0.4492440976452744 0.1452200745289769 0.7380438747029507 0.023985663454677127
780.0137928353349 0.0 0.1812 0.6304 118.7985 2811.8327 0.20501410919816282 0.05161090911298442 33.067455447895526 43.90168510394738 41.22153504261458 47.80083013130372 0.10580823302362774 0.006849804017766942 0.16978530415419335 5.011333041742734E-5 0.4636149664972987 0.14629396131929676 0.7439402950770607 0.024792661669179577
790.0137928353349 0.0 0.1957 0.6304 120.4516 2828.0778 0.19932774737477066 0.05202952871281524 32.96182176978247 42.97754380583825 41.2931648894732 48.07870204353118 0.10207359532997491 0.006983183711027028 0.16971272476550045 4.781498728467446E-5 0.444367747775142 0.14592980034716332 0.7388283035297541 0.023600632192668818
800.0137928353349 0.0 0.1812 0.5797 110.5934 2843.6829 0.18888478080195975 0.05044704862037709 32.76697636338714 41.24729721245549 40.740807979467846 47.83134452889725 0.09755250724573344 0.0071843512656123674 0.170408177214066 4.4297074190497326E-5 0.4304906598465875 0.15357014392451515 0.7519963425168238 0.024861448946327688
810.0137928353349 0.0 0.1884 0.5725 113.6315 2796.6669 0.1802762706472897 0.046519420200757264 32.64436666093912 38.624423980232436 40.307036285766934 46.73541047972965 0.09947583017365505 0.007263538597514116 0.17159580704955496 6.412578412925962E-5 0.4382465083153374 0.15370678130257986 0.755975226843957 0.02331931434547341
820.0137928353349 0.0 0.1884 0.5942 126.984 2770.0323 0.17673722919945833 0.04403948705533341 32.661680982741935 36.89396177228652 40.26054883684187 46.51813313636105 0.10310622890508958 0.007348114270999789 0.17352023888905319 5.919354043926204E-5 0.44938374650684365 0.15244175113740144 0.7562799636334686 0.022868693725266804
830.0137928353349 0.0 0.1812 0.5942 127.537 2879.9768 0.17582873126597354 0.045489475232777334 32.69690967132609 36.3847120236697 40.18764261608704 47.28257104881167 0.10169595069751301 0.007390689255158515 0.17325976785502217 1.0243587258556013E-4 0.4423499200345428 0.1523903342327307 0.7536331970958877 0.023442618438147135
840.0137928353349 0.0 0.1884 0.6087 136.7206 2886.9281 0.1781587401461586 0.04603776004782825 32.79773365502458 35.54347806306347 41.06665071926998 48.326173929725954 0.10616770629067226 0.007403093992698463 0.17441837462039014 1.7197040369170948E-4 0.4490762495380821 0.14576852377501817 0.7377681242411349 0.025052097288890834
850.0137928353349 0.0 0.1667 0.6159 108.0198 2822.8569 0.17455305082825845 0.045139043399162 32.81602518672567 34.38911778460275 40.2180736161103 47.29057332454253 0.10727030555941862 0.007321015975529156 0.17415649608470318 1.5288927962873395E-4 0.4506419545649669 0.14388513268582256 0.7316304674113581 0.026642664687146843
860.0137928353349 0.0 0.1667 0.5942 119.0715 2730.7732 0.17032777070190258 0.04232862468354646 32.79005194930329 32.49314382749258 39.79603475189111 47.92610554253255 0.10242980202086654 0.007519926695958563 0.17451003307258744 1.4191691830455204E-4 0.43728455461401333 0.1492099833681263 0.745003315268319 0.023404955949478588
870.0137928353349 0.0 0.1522 0.5725 129.9296 2873.842 0.17259055245510382 0.04610093278829064 32.8990091767343 33.37776941793356 39.67791204949308 48.312333228396945 0.09903435107074761 0.007672597236327146 0.17521462112516886 1.2999796496803164E-4 0.4278020112414344 0.15349476674291887 0.7568804814271533 0.020793292342137656
880.0137928353349 0.0 0.1304 0.6232 135.4731 2771.9086 0.18207129957093038 0.05104446915361802 33.13739337180918 34.46365530095227 40.35126257132531 48.34383958748154 0.10689564577282 0.007237105987798189 0.17354822490175484 9.823086818533069E-5 0.4514604382034769 0.14290432712382878 0.7329592996715273 0.024286667921052597
890.0137928353349 0.0 0.1232 0.6304 121.0883 2805.3605 0.17760371510203046 0.048636701188493246 33.12120058036063 33.08379748347956 39.63894663651964 48.212425889331 0.1074474625805413 0.007085906986274815 0.17241569576877558 8.748880129584872E-5 0.45461074235731574 0.14111443342436392 0.729491656340809 0.024560832007583234
900.0137928353349 0.0 0.1159 0.6377 143.6946 2775.4946 0.18402950864703077 0.05172542359759778 33.27941281164763 33.127672969690174 40.67456044963858 48.4048716355418 0.10569593841482806 0.00685160387735362 0.16960511047960783 7.63296819838228E-5 0.4510027041542182 0.14094748171080884 0.7237020136428153 0.027499336545095822
910.0137928353349 0.0 0.1232 0.6014 122.6388 2840.0483 0.18147190201248942 0.054191441161977445 33.21001977769539 33.34278894309466 40.56970016362885 48.298112307710255 0.10199289852666193 0.006985538908081185 0.1695785541768596 7.011433709639892E-5 0.4294424223127534 0.13937054481429398 0.714012702158554 0.027186106083181436
920.0137928353349 0.0 0.1739 0.6522 139.5367 2811.9657 0.17801798003374145 0.047172616408997996 33.26152803223493 30.526780926301626 39.89744480464616 48.512736590883414 0.11053810564195023 0.006594703912267218 0.16949176198432367 4.696761776138377E-5 0.4637830620774004 0.1344668825428723 0.7111340285186806 0.029112257059209196
930.0137928353349 0.0 0.1884 0.6087 113.9505 2791.4117 0.1679170800547559 0.04277314335333353 33.06837800509703 28.194428321491507 39.94684750913051 48.738920235581055 0.10306736418914897 0.0069082310720659885 0.16932495545360188 4.85097225356517E-5 0.4286735359762163 0.1368269584163252 0.7042493805323554 0.02943454706380533
940.0137928353349 0.0 0.1667 0.6014 131.4387 2832.9484 0.16812254640103397 0.043451591158788536 33.10430029535326 28.337199320161062 39.26172434474742 48.74445793202462 0.10037821071795776 0.00695621560457678 0.16892918389119718 4.2224958920962784E-5 0.4299508456460745 0.14210440394554835 0.7235758134043693 0.02526653704017125
950.0137928353349 0.0 0.1667 0.5797 107.4275 2755.7022 0.15931094004767563 0.03809113040278355 32.930328777864 25.841336660992834 38.71822149867521 48.08437902390648 0.09801117427800163 0.0070417753243028815 0.1690692756295528 4.58719187347471E-5 0.4289019219583603 0.14921722736217694 0.7398558153781715 0.025795904300351113
960.0137928353349 0.0 0.1522 0.529 120.2505 2776.2424 0.16482521549890913 0.04422398033393105 32.93018511221896 28.37417393851675 39.13754000784805 48.46522390066979 0.09148411353399186 0.007339425138497845 0.17060550902284968 9.053210312425379E-5 0.39929277526082174 0.1511713343821967 0.7446270673782892 0.02303730796193853
970.0137928353349 0.0 0.1377 0.558 135.5796 2775.3347 0.17417697607131472 0.05102411446110559 33.06984007837579 31.253893774093456 40.131658605901514 48.064095842522335 0.0946772952941802 0.0074206167769162844 0.17191403619206405 9.987237749017635E-5 0.39895316617779336 0.1450618062864724 0.7244149596386248 0.026066582283129146
980.0137928353349 0.0 0.1377 0.5435 121.7602 2857.8846 0.16990612427588195 0.05146849078601222 32.92056012905859 31.35300120706584 40.4406918778964 47.70460454858054 0.0951754082446189 0.0074899138354258465 0.1728185044441764 8.450332354673916E-5 0.3980269606717535 0.14392512498730411 0.7227331654302893 0.02509827253415005
990.0137928353349 0.0 0.1377 0.5797 141.2116 2817.856 0.1736038886799494 0.04959539813849848 33.030775478767886 31.679908599390874 39.572396670913 48.41371324857849 0.10017365549158738 0.0076338852678426465 0.1749868918713805 1.4906103851627066E-4 0.42537471065212146 0.1495436983275564 0.7430596211391489 0.023574861049411817
1000.0137928353349 0.0 0.1304 0.587 129.5923 2774.0363 0.1743408787447323 0.049370454362723616 33.0301960457202 32.59256679441258 39.1669694851333 48.2782238585968 0.10210470736108564 0.007456879954634451 0.1739561680966644 1.1466458083089958E-4 0.4355539951342089 0.15039544730689625 0.7420549546730967 0.02726864092969612
1010.0137928353349 0.0 0.1232 0.5942 135.0148 2814.7752 0.18009250995835108 0.050838158493783404 33.093946257392155 34.33405925151417 39.63007507372248 48.10797969149809 0.10298967124666152 0.007328418807043377 0.1733240808785279 5.383124039035236E-5 0.4482278340287394 0.15230406051780618 0.7543346475117809 0.023843016302040776
1020.0137928353349 0.0 0.1087 0.6014 118.4648 2856.4796 0.1786071083942244 0.05041810086592537 33.00214834704265 34.81304126196195 39.92543305762494 47.766531263965845 0.10449177477970024 0.007325949827181656 0.17373331228432087 6.343303270653061E-5 0.44621540665193093 0.1475700011787408 0.7419003146742948 0.024505925342320215
1030.013792835335 0.0 0.1304 0.6014 136.2589 2777.5517 0.17794215520501466 0.051742492287654374 32.91312310137722 36.857780869402404 40.12391440747404 48.303666641729855 0.105038491388819 0.007403893591654448 0.17464231098381955 6.59067529853988E-5 0.4429327359746327 0.14693225181423647 0.7364423802951724 0.026695419353667746
1040.013792835335 0.0 0.1377 0.6087 132.4972 2815.6642 0.18258940108277236 0.05396213432553754 32.90592370103395 39.11435946716983 40.44914660448892 48.325785757248745 0.10454491506470415 0.007320217656998865 0.17382166601119484 4.146825590035743E-5 0.43603568825070316 0.14308566413237317 0.724974999742133 0.027029420395046636
1050.013792835335 0.0 0.1159 0.5797 111.8804 2770.3146 0.17231396083643993 0.04900000273358194 32.641013655096025 37.43916188186929 40.072050387714505 48.31260508379299 0.09942318541090296 0.007480734498832544 0.1736759441355014 7.798854132563533E-5 0.4262770534483514 0.1503218638806188 0.7446358655173733 0.023926225328294366
1060.013792835335 0.0 0.1304 0.6087 143.7583 2823.823 0.1748546588964205 0.04895052274927138 32.64440119188961 38.799663695897564 39.92502735758621 48.399147917040715 0.10366125103326726 0.0072192430498581525 0.17235244147699857 7.794468552031923E-5 0.4369383365693086 0.14223788521563407 0.7264757885128263 0.024734250390914193
1070.013792835335 0.0 0.1522 0.6087 131.9065 2860.7478 0.1694155264835364 0.04214816865891247 32.50559885309399 37.13221861581692 39.700021850491396 47.62444222561287 0.10429958314152009 0.00738440715404512 0.17341376474132256 2.0584993366457426E-4 0.4506541708274796 0.15071358967088092 0.7492804286047251 0.025318445366512527
1080.013792835335 0.0 0.1522 0.6014 126.4564 2851.4542 0.16801524945482613 0.04361615530849058 32.38471712579903 38.49595144196005 40.11619809229572 47.462629783015416 0.10336704831899533 0.0072105641222736 0.1718632851568838 1.31368990152124E-4 0.4403317682132462 0.1446261749505508 0.7321178796798551 0.025404562691798607
1090.013792835335 0.0 0.1159 0.5652 132.2074 2808.4817 0.1729951115978696 0.05333925994979038 32.339335225444025 43.02839041746831 40.83615195377896 48.00498167817836 0.09612183989904784 0.007477912366828541 0.1722703104684234 1.8919345948685117E-4 0.4118539352391793 0.1479172577838552 0.7381278319871005 0.02263963585878469
1100.013792835335 0.0 0.1377 0.5507 119.099 2799.8898 0.17029800788129404 0.05120540174577789 32.19314957353594 42.702816965945004 41.00114956616815 47.19582887080004 0.09553155876046171 0.007576209278714241 0.173465198801891 1.4018426113457185E-4 0.40481082779086397 0.1481550467370114 0.7350512399360425 0.024649679289646845
1110.013792835335 0.0 0.1594 0.5362 109.8043 2779.4581 0.16137941809153342 0.045687404693871586 31.952062393262917 41.39902065698713 40.32173345740491 46.76192096756748 0.09279275753977001 0.007556237143728748 0.17304595324984134 1.031530543723142E-4 0.395003647704118 0.14772532109741326 0.7366284240968687 0.02214014330156829
1120.013792835335 0.0 0.1232 0.5072 127.9982 2850.83 0.16006243046217147 0.047757187880166814 31.886752838906535 43.436343058176696 39.96450094037988 47.788171893804055 0.08757138873543355 0.007312912269064537 0.17020917810549055 4.576508590663547E-5 0.39240376830100054 0.15714181539370534 0.762700282049832 0.021089079571115776
1130.013792835335 0.0 0.1377 0.558 158.0874 2788.3139 0.17604658863482894 0.05167445756737011 32.22289237048454 47.390007929244526 40.281067832045956 48.14164220663062 0.09387642531239118 0.0072737146170561325 0.1704598249093419 5.820057574739705E-5 0.4207483563527416 0.15736937179956953 0.7639904365352413 0.02173127025564263
1140.013792835335 0.0 0.1449 0.5725 125.2157 2867.4357 0.17558103480696657 0.04684147198725331 32.20616731960962 46.24432378989774 40.23294843458711 48.64464150926076 0.09816192805413987 0.007303019021148283 0.1714727350819152 9.512875795154063E-5 0.43590389174963134 0.15555257276678464 0.7614523678664447 0.02214640368573228
1150.013792835335 0.0 0.1377 0.5942 134.4735 2898.7704 0.18203040051790473 0.049111728827244405 32.264480271512426 47.917815276394734 40.62483933982802 47.43925540382907 0.10159299707620188 0.007191798314475282 0.17097358044531535 1.5521154838204405E-4 0.44358017598891847 0.14832306007211002 0.7465129791033018 0.021932236364869743
1160.013792835335 0.0 0.1014 0.6304 142.6777 2902.9346 0.19750169175796742 0.05872683308882295 32.5294893041954 53.35643649013084 41.10643656672942 48.33224726620485 0.1040845189034013 0.00683111249948519 0.1689842777490515 4.362033436649719E-5 0.4594820506678757 0.14578049863080525 0.745982623437257 0.021492263770285992
1170.013792835335 0.0 0.1087 0.6377 142.5915 2827.3202 0.20660775782707333 0.062155707822637386 32.66881228971152 55.63614710170901 41.988155017492986 48.20591652196229 0.10769942510083508 0.00666734255766682 0.1688922802717641 4.5354665959195104E-5 0.4718457826227104 0.14117738682759057 0.7399399772947048 0.021660047256981542
1180.013792835335 0.0 0.1014 0.6159 121.63 2838.9859 0.20637586822964918 0.06368211579318844 32.61879894757028 57.75187295333171 41.71018649348873 48.46247015697213 0.10379082403785257 0.006791549257274403 0.16850745549674886 4.163431110164479E-5 0.45665276030361884 0.14443071185000023 0.7413891873164635 0.021946003863596138
1190.013792835335 0.0 0.1232 0.5942 116.8815 2863.2536 0.19647239558657645 0.05720032515929908 32.37065299519367 55.27593576917424 41.49807046343022 48.55515466292529 0.1010290515054841 0.007052044905006426 0.1700245013141074 5.178965876884093E-5 0.45170570710319513 0.15222218308573204 0.7601876534175723 0.020062930836191664
1200.013792835335 0.0 0.1377 0.5942 133.9263 2823.6569 0.19562295381268874 0.05921040528445832 32.28304760748991 56.149200653652414 41.84298717914955 48.32573067358827 0.10056004620702802 0.006989599218093889 0.16923519971426665 5.617679881499397E-5 0.4445974165570227 0.14951078931646553 0.7482249205471845 0.022889896325179227
1210.013792835335 0.0 0.1087 0.587 131.3608 2900.1487 0.20150082308193976 0.0628928739713059 32.34812591875322 58.775279264014074 41.6025045146654 48.40639487418224 0.09932454686578131 0.007019550983973109 0.1692195983639237 4.552336113577078E-5 0.4451466645306317 0.15229154545225093 0.7583980210521873 0.020260447598145197
1220.013792835335 0.0 0.1232 0.5942 125.7727 2835.4726 0.20068071255099323 0.06361317473744288 32.2975982505288 59.72630565797053 42.393003346560356 48.31174220829106 0.10028492152073723 0.006944984413605167 0.16877218499831387 4.500946083098657E-5 0.4423323047473006 0.1481048835174937 0.7444129031113108 0.022849481917935514
1230.013792835335 0.0 0.1159 0.6014 127.1704 2917.7573 0.19488743253851432 0.06435610562448073 32.02342012458076 66.97370063906217 42.40214311773576 48.89796850152986 0.10246144083279048 0.007065601869403521 0.17035757632439863 9.704763566324771E-5 0.44319587341003674 0.1463285652919033 0.7368798859106636 0.02542678768408793
1240.013792835335 0.0 0.1159 0.5942 127.8006 2840.5597 0.20004313939909643 0.06712818700809589 31.790371712963584 81.20983881463074 42.7498158034405 49.112345837364956 0.1000013068387581 0.007160798750610117 0.1703725968364027 1.2366169804822586E-4 0.43755955303588734 0.1495776806307673 0.7454718310981784 0.023742599213672395
1250.013792835335 0.0 0.1232 0.587 128.2917 2857.1283 0.20319105569306667 0.06567655872203629 31.38702012047991 100.40887376928222 42.685938386167145 48.87957548246614 0.09999818293921363 0.007173638534863539 0.17036727463717877 1.4640824003680578E-4 0.4389650108255175 0.1501660022726705 0.7478663147397705 0.02325468811807788
1260.013792835335 0.0 0.1014 0.5797 131.1684 2894.9297 0.20659918797471588 0.07231820757537825 31.065540453386642 115.23111239447377 43.7013852159713 48.8813213846111 0.09626960463198835 0.007291816884899643 0.17032314665659476 1.9691420692021696E-4 0.41517648558974585 0.14822293515285842 0.7345430129664734 0.026086271658002157
1270.013792835335 0.0 0.0942 0.5725 139.3923 2913.8751 0.20897463683110676 0.07083929753620598 30.97150119687958 121.62813143263084 43.416050128660146 48.84448205837478 0.09574403772399476 0.007222362578388269 0.16939329751168306 2.12464639093071E-4 0.4256125470190382 0.15511587216116093 0.75300681395676 0.026253579291290803
1280.013792835335 0.0 0.1014 0.529 124.795 2815.4855 0.20912761284272624 0.07315056323713857 30.61168225921576 135.37019672475546 43.246023062207165 48.85097192799954 0.08918741625432952 0.00716886318129617 0.16860086908352706 6.561559542986472E-5 0.3899369478533042 0.15118997720613844 0.7371410795035065 0.028187800043240323
1290.013792835335 0.0 0.1014 0.5507 149.3421 2850.4598 0.2178078908496819 0.0767989356075635 30.647797843629398 144.3966391436702 44.146740616218835 49.5765204348029 0.092831281336285 0.007422727093135522 0.1708095576587644 2.4264858563374295E-4 0.40115403026589835 0.15160608495863948 0.738123415689253 0.028589987945662258
1300.013792835335 0.0 0.1014 0.529 120.1701 2748.9307 0.21733513657641423 0.07784877454795604 30.27920595643038 156.39106878686084 44.73564946678969 49.64760028641309 0.08929473922450631 0.007183128769554349 0.1688037536024914 6.006911327147755E-5 0.39397945700285913 0.15436020971539222 0.7447830831012954 0.028811784413515493
1310.013792835335 0.0 0.0942 0.5507 134.886 2828.4892 0.22834301809229432 0.08166124376316143 30.52463452561745 159.92607404724563 45.888607546638866 49.23470779914985 0.0930117626829324 0.007142685371522082 0.16888977960848253 6.141676888632896E-5 0.40480077452821694 0.14980762225009067 0.7350329853275518 0.027680601318277636
1320.013792835335 0.0 0.087 0.5797 145.3365 2941.0296 0.2353524351559943 0.08040605653072566 30.96068677584178 147.22104540430587 45.326253750310926 49.05747379506011 0.09804546579938354 0.0070683432420808245 0.1691284285039366 8.34309128490313E-5 0.41891115619774844 0.14439183069949754 0.722621744441116 0.028155073408840034
1330.013792835335 0.0 0.1304 0.5942 121.1403 2833.7198 0.22508987335925293 0.06829772971653154 30.776720442154236 140.92462394929473 42.493163402037986 49.437963421372416 0.10076639170055185 0.0072740354698472105 0.17167607474908833 1.3112099404521174E-4 0.4241683530514179 0.14440789965269843 0.722657194087601 0.028897105971457206
1340.013792835335 0.0 0.1449 0.5942 119.1488 2834.9899 0.21608253839493474 0.06397455726328874 30.454428134605017 144.18675181554713 42.078880296594036 49.635985593460774 0.10165678919980829 0.007447478870764478 0.17319304826634005 2.093550122646463E-4 0.42058394443472663 0.14041943863025008 0.7165504238517565 0.02574244605371618
1350.013792835335 0.0 0.1449 0.5725 127.9714 2808.7572 0.21755451613159796 0.06607494401167538 30.8087927232494 133.23416967590816 42.36244928423844 50.06780983981807 0.10013505838696718 0.007742993987094641 0.17491946908103126 3.5091631429013894E-4 0.4244751673585875 0.14883729024396608 0.7414882670314565 0.023344240321917658
1360.013792835335 0.0 0.1449 0.587 121.4079 2763.4983 0.21141871240727336 0.06434432896002572 30.856242410552966 125.3447741421375 42.31186286664311 49.17924824296505 0.10194136475233762 0.007807576761556716 0.1758488541977824 3.7866113270858005E-4 0.4245947240517211 0.14701886143129336 0.732425898989219 0.026639265985402828
1370.013792835335 0.0 0.1522 0.5725 126.396 2715.87 0.21280960081428207 0.06717838442967485 31.378749865242057 107.7780268582362 43.07823835727962 49.424918606893904 0.0984077537897985 0.007900608238773215 0.17636714315574278 3.114969775634429E-4 0.4143367743356573 0.15001291361885305 0.7425775955626066 0.023466573970831527
1380.013792835335 0.0 0.1594 0.6014 118.2652 2745.401 0.2079836805058386 0.06509143026237943 32.40753044116555 61.33563048688449 42.01806970135952 49.12188593298321 0.10491280410724256 0.007768960337487054 0.17656057276584725 3.337473870562634E-4 0.4328228149727938 0.14438542409703436 0.7284091276371407 0.026241556951231905
1390.013792835335 0.0 0.1812 0.6159 112.3179 2746.4352 0.20139327227310957 0.05962996048950704 32.3305740371517 58.55342600841937 41.64582405598492 49.481707469194625 0.10787139378147102 0.0078095438314531 0.17721728978384524 4.5309636321118975E-4 0.4512996696476344 0.14820267893009942 0.7414208858496851 0.026930180329124916
1400.013792835335 0.0 0.1957 0.6159 135.5382 2804.9255 0.20666030180052808 0.05983186280668825 32.47281123771867 58.60405477120964 41.564133897359554 49.07774182954077 0.1076113302326588 0.0074352589287383294 0.17471015967184605 2.6414834288606803E-4 0.45488822622621955 0.14551706813877716 0.7385244143437446 0.025365441775435125
1410.013792835335 0.0 0.1957 0.6232 130.2165 2777.7337 0.21084239106842725 0.06123217580468299 32.590358066665345 58.851194111974536 42.35285354401734 49.90711290202054 0.10896672204237946 0.007372577101801818 0.17485357723079495 2.2677133222604308E-4 0.4589509385268539 0.1447155258306099 0.7364561571709981 0.02647259204568276
1420.013792835335 0.0 0.1812 0.6087 104.994 2799.7857 0.20680639818041713 0.06252485040907732 32.500164660336345 58.07109410034359 41.97518247917456 48.706003868385686 0.1048937295068411 0.00724650529948626 0.17232541276123897 2.0090413770700502E-4 0.45609683873393386 0.14940950243142834 0.7493019493486056 0.024269545950984652
1430.013792835335 0.0 0.1884 0.6087 135.7248 2860.4295 0.20818246535206036 0.05950111220253536 32.59409137522749 56.44988214750106 41.46462946668334 48.791214215543135 0.10555400305989947 0.007333504324926563 0.17341014788412054 1.9598539005449996E-4 0.45189907261781875 0.14635101955664778 0.7424056193007023 0.023295174606934227
1440.013792835335 0.0 0.1812 0.6232 130.9879 2851.5346 0.21122083872475877 0.06039764374782417 32.724640032406626 56.22281786455084 41.51891317826688 48.757827906350556 0.1039192189998057 0.007078548964822675 0.17072443121396652 1.4117508626348036E-4 0.45236314015172674 0.1449304623566682 0.7431680159635511 0.02050186994382069
1450.013792835335 0.0 0.1739 0.6232 117.4157 2826.8366 0.2090346120936431 0.05791039211113094 32.6924374310034 53.68044998145466 41.59772818682448 47.7169053511657 0.1063434435401058 0.006990212549625627 0.17064413033179768 1.6495445235803117E-4 0.45657367939389343 0.14206556880484536 0.7326414855390383 0.024338027674672667
1460.013792835335 0.0 0.1739 0.6377 122.9853 2890.6545 0.2070283528345469 0.05552753003117562 32.707152280039644 51.51374312946755 41.66006027674766 47.3414599292156 0.10883260366828117 0.006897887688311268 0.17066931029798638 1.8725681607657818E-4 0.4721386570072726 0.14253963617752638 0.7403992575795866 0.023556029887134733
1470.013792835335 0.0 0.1449 0.6449 135.0672 2785.1684 0.21211189796674057 0.060882348440395286 32.89211070352584 52.61436651212327 41.73740697525937 49.922163855137576 0.1107277062223841 0.006896115067159828 0.1716901512212248 1.504066993360593E-4 0.4741446282566343 0.14102154119237656 0.7351905471844441 0.025445515425229093
1480.013792835335 0.0 0.1232 0.6232 120.4665 2805.5692 0.21123966757224033 0.06409223804251787 32.91467627416424 52.8610915465256 42.120786904107106 49.00364098183775 0.10684790032144512 0.00703070285930018 0.17145360749255145 1.2464091343618474E-4 0.4684228610557217 0.1486094978379919 0.7516552886708092 0.02412576611492889
1490.013792835335 0.0 0.1377 0.6522 149.1543 2823.4347 0.22554116665443438 0.0676884162133017 33.25722782763769 52.77331567982988 42.72327718480581 48.69212047706749 0.11322284725287428 0.0070499935812883986 0.17360836578774055 2.510147587527969E-4 0.48181170645626115 0.14192002642632134 0.7387779498996004 0.026487124867455518
1500.013792835335 0.0 0.1522 0.6667 119.1128 2953.6829 0.2142225627081966 0.06016708004932538 33.15551617628025 48.37340945563636 41.76979121185346 48.72450045418538 0.11551764976776914 0.006823724465481401 0.17327647465165372 1.5485341349443277E-4 0.4974998982036307 0.14224862981846645 0.7462498473054461 0.026485033230317822
1510.013792835335 0.0 0.1304 0.6667 138.0539 2813.6699 0.2191172980263833 0.062233138976997816 33.37960004995072 47.7625670411606 41.50136848189564 49.21942139648242 0.11581905317300639 0.0068671941312081234 0.1737285797595096 1.6742784176908992E-4 0.4977072798004416 0.1413534276206981 0.7465609197006624 0.024980819502825657
1520.013792835335 0.0 0.1304 0.6812 125.8965 2737.6074 0.2196657432230553 0.06084659910065885 33.483438159676105 45.91431389816073 41.93047942201407 48.74640502845425 0.11763753721413073 0.006642811242491543 0.17270191633563875 1.7366777834821223E-4 0.5101992194526268 0.1390599809510705 0.7490158753666223 0.024050919694955663
1530.013792835335 0.0 0.1304 0.6812 140.995 2804.7668 0.2306047924285033 0.06587958858081194 33.77835082304595 46.31460643473846 42.83868274919108 48.94269832730616 0.11746338556230422 0.006614306163705344 0.17244624688934024 1.6011467735158657E-4 0.5160706832422023 0.1418311083132676 0.7576356839087651 0.02394779545166661
1540.013792835335 0.0 0.1594 0.6957 133.0029 2832.1655 0.23357711926746885 0.06507796849308282 33.948782003389674 42.924851513296744 42.60167676708837 48.563449602720794 0.11924208728152537 0.0065869491775067315 0.17321482152474213 1.517943835107969E-4 0.5234503186772059 0.14017540565018644 0.7603804629205728 0.022224580445879515
1550.013792835335 0.0 0.1522 0.7174 131.5519 2895.9247 0.23710854238535015 0.06371318540373327 34.121164650427254 40.84592663395002 42.3959371613452 48.09412598161924 0.12070095946772083 0.0062919452224707625 0.1717188907891286 1.2712984919051938E-4 0.5303980920802885 0.13562840372110496 0.7545869763616476 0.022620834524859097
1560.013792835335 0.0 0.1377 0.7174 136.2802 2887.1806 0.246236259964722 0.06575378901334056 34.408405761882264 38.60509476750001 42.811742575012126 47.68038043967139 0.12121257260956952 0.006116907436941622 0.17068709204204688 1.0762327169573749E-4 0.5225986107938091 0.12976691595960257 0.7359041662198536 0.02468832668773906
1570.013792835335 0.0 0.1522 0.7029 115.4972 2836.0548 0.24160747611007644 0.06274877935561615 34.484489198160986 34.757060977009345 42.80781119454507 48.20542665998576 0.1194688352142565 0.006130649231596224 0.16996597174811748 7.674834610002371E-5 0.5186907291498801 0.13120291014893662 0.7379311404400357 0.02376790622101348
1580.013792835335 0.0 0.1377 0.6957 130.6756 2808.2742 0.24678932129911493 0.06377420940045062 34.67934746247034 33.38759521265672 42.64764016510818 47.67528832183097 0.11960084391364283 0.006150183688578724 0.17015377793899703 8.54501295285616E-5 0.5076650688037404 0.12772301324750254 0.7222451494321255 0.02567759210669933
1590.013792835335 0.0 0.1304 0.6884 120.6261 2750.7266 0.2462619078170641 0.06397712739746263 34.82400822023874 30.780592708650072 42.509361658575955 47.6930967794106 0.11634100895346695 0.006433110439210081 0.1707985025061536 7.546070282005553E-5 0.4901266942209795 0.13093709195743936 0.7195477000265444 0.026031419720894188
1600.013792835335 0.0 0.1159 0.6739 112.319 2843.7109 0.23979951026604646 0.06572214227746467 34.80272962315993 30.156054632060115 42.8897293584946 48.034300798493035 0.1121987476008374 0.0065967967317737105 0.1701475513067644 7.238967273881064E-5 0.4792644233961869 0.13697131649525435 0.7267965981172945 0.02659628879187865
1610.013792835335 0.0 0.1232 0.6667 115.2399 2732.6145 0.2286096037599046 0.05815126937853839 34.72149168428681 26.188379974031335 42.393877957272714 48.076684412284536 0.11558446666776959 0.006328138948437899 0.16968783404417237 4.26969120837241E-5 0.49294559331695836 0.13099704039602594 0.7236860838057474 0.024194929378001582
1620.013792835335 0.0 0.1522 0.6739 112.1791 2778.3394 0.2184542549305639 0.05167943786752404 34.6176212561481 23.1745545137424 41.54408418784192 47.91363742062386 0.11395972445805132 0.006582988043589011 0.17093958668707698 6.350400957583368E-5 0.4960790737502871 0.1385921221066979 0.7441186106254306 0.022050591836533507
1630.013792835335 0.0 0.1594 0.6594 102.6809 2858.1455 0.19885574794020222 0.042685880412861366 34.27856768241764 20.112324511390607 40.754745855842465 46.658880947067644 0.11245315328608109 0.0066328445521753815 0.17053335333493616 8.200086076405549E-5 0.4928914975512192 0.13964515255707907 0.7474618314512994 0.020175106348873952
1640.013792835335 0.0 0.1449 0.6449 108.4395 2821.9545 0.18307819712074244 0.03694655221164013 33.966501517878775 18.437527109674573 39.860089894050724 45.04782361419026 0.1068047298965775 0.006775095050222294 0.16941439914629533 6.256750777317111E-5 0.4686414739842317 0.1410251785115501 0.7433623380439538 0.018064627255964354
1650.013792835335 0.0 0.1449 0.6304 92.9586 2678.5462 0.17638899595541227 0.037712004169936086 33.82869187034106 18.46953780774932 39.59888265464917 45.736263851037506 0.10723297318598665 0.006823084481701491 0.17009368160535815 5.279491697389893E-5 0.4639274926988837 0.14192714340717164 0.735884988418919 0.02363671499527651
1660.013792835335 0.0 0.1667 0.6087 126.8349 2817.6333 0.17298695114984874 0.0334246995139197 33.806984985017124 17.064420970229595 39.3176218387529 44.079586837694805 0.10398165775764448 0.007039275371172771 0.17082700917327306 6.247521994381998E-5 0.4535406852787011 0.14636968703250397 0.7451025543864376 0.021737273192878468
1670.013792835335 0.0 0.1739 0.6087 124.1947 2778.1196 0.16515588827679342 0.030816593958917518 33.58388575191269 17.003665860937886 39.20239534182595 43.84148956218728 0.10306757223176745 0.007111815482675298 0.1713653610600471 3.533019545308691E-5 0.4465661189532229 0.1467418273220217 0.7424834266933104 0.022773091702601174
1680.013792835335 0.0 0.1812 0.6087 126.4849 2773.4463 0.1676671412862304 0.03197041370714518 33.565231240853265 17.95571656065999 39.33780215623734 43.13776059665014 0.1042732706856524 0.007298480496652278 0.17337001632072327 6.840979035478246E-5 0.4471749040782257 0.1457074265388853 0.7434956236481343 0.020438113481931166
1690.013792835335 0.0 0.1812 0.6014 124.1421 2685.521 0.1655561203822381 0.029523405882887203 33.49839775557097 18.00335484535377 39.149468865807286 43.68615456017339 0.10349959182821691 0.007189559021035731 0.17208365870233655 6.569782807321287E-5 0.44685409120127323 0.14805798992478814 0.7429622239250085 0.024685129322039215
1700.013792835335 0.0 0.1812 0.6232 141.2248 2756.3599 0.174162680790686 0.03328327040264498 33.585753590624904 20.338332661726092 38.70008142641538 45.21667792047775 0.10662160353563734 0.006971329640946243 0.17109048009206923 7.636719153547812E-5 0.4612524439850416 0.1443696756016216 0.7401492705806482 0.02383613222388867
1710.013792835335 0.0 0.1667 0.6159 127.4931 2792.9388 0.18131309799507822 0.034567011733866566 33.58584112836458 22.432925356631475 39.9191209691799 44.02631993361619 0.10517306616574221 0.006988726899395256 0.17075156624555796 6.734403762852975E-5 0.46024230027933566 0.14584417461345264 0.7472169110417449 0.0208798563682497
1720.013792835335 0.0 0.1594 0.6304 123.3791 2710.861 0.1853728780586806 0.034469418132627834 33.55949029745498 24.23047602154475 39.88186345286146 44.43394429405775 0.10822584691378256 0.006978215048530809 0.17166858475979305 9.869284847265205E-5 0.478455447590478 0.14778289090936184 0.7589293306607581 0.02008661107499977
1730.013792835335 0.0 0.1667 0.6377 124.6639 2785.2099 0.18252784617692103 0.032593146077831925 33.40065653695438 25.411468323029762 39.57229886614367 42.80283980233766 0.11252234811091727 0.007121724956680278 0.17447285437423127 1.5572331285077645E-4 0.4798387722514674 0.14345840101963334 0.744019669333736 0.024549274899450742
1740.013792835335 0.0 0.1667 0.6449 123.6623 2819.886 0.18119307818147423 0.033019649212875514 33.26484052491134 27.42489136063517 39.484409267385615 44.02006723467538 0.11438239282030854 0.0073785131046665295 0.1773569686427256 1.911032609142862E-4 0.4799866655630972 0.14341509323847923 0.7442489870528923 0.02435929410345863
1750.013792835335 0.0 0.1739 0.6159 121.692 2758.2687 0.1762563119257849 0.03109066771652199 33.07801143376651 28.318836929799435 38.99670653741343 43.7047546051799 0.11101170952423674 0.007844469699983488 0.18023077546287847 1.700338662862924E-4 0.470044533383094 0.15193195903757337 0.7631311247866702 0.021467629461224536
1760.013792835335 0.0 0.1884 0.6232 140.4699 2733.8874 0.18231875387730792 0.03134013877429318 33.102515234678144 30.393601583210984 39.076217457785745 44.11011494646473 0.11200820306877704 0.007994290280223386 0.1818486120410733 1.867303134666537E-4 0.46887392688875695 0.1520402137713936 0.7612306107135113 0.02277007671289128
1770.013792835335 0.0 0.1884 0.6304 122.6361 2816.1559 0.17940938789131636 0.03067948216223004 32.96785862737061 31.689869296134663 38.81586399665771 43.892728443429824 0.11500580340716261 0.007984618620807162 0.1824229985079131 2.7823107418518717E-4 0.47005055438517346 0.14649048174585275 0.7455974310937235 0.02552678164720658
1780.013792835335 0.0 0.2029 0.6449 146.7557 2755.3733 0.19514144665088498 0.03606067156431635 33.18161753643282 35.46300067926348 39.804380012089446 45.2694208746435 0.11490088470792752 0.007461888124114027 0.1781609223561123 2.1826296190720836E-4 0.48498771582326144 0.1460783772849893 0.7520034245349447 0.024338965379276753
1790.013792835335 0.0 0.2101 0.6522 141.2243 2776.7387 0.20139082394521174 0.03843106636494619 33.17591944203008 38.16920241004555 39.63569151980516 44.59483652563588 0.1135976573619013 0.007296876510330008 0.1761401878195773 2.1847226635608654E-4 0.48153340507082243 0.1440720280672942 0.7466473022446459 0.02409798376381491
1800.013792835335 0.0 0.2029 0.6594 125.0305 2841.6038 0.20798551427438522 0.04302082770009655 33.19203148634435 41.79499833014222 40.21131125391051 47.14807003016011 0.11538365322350964 0.007060155736269106 0.17497740818510252 2.03703380376484E-4 0.48301969216213614 0.13875513834572323 0.7324914013008218 0.026449874538672907
#####################################################################
# End of data export. Simulation finished at: 2024-05-19T20:48+0000 #
#####################################################################
