#####################################################################
# Alchemist log file - simulation started at: 2024-04-29T05:54+0000 #
#####################################################################
#
# Algorithm = ff_linpro, CamHerdRatio = 2.0, NumberOfHerds = 4.0, Seed = 89.0
#
# The columns have the following meaning: 
# time 3-coverage 2-coverage 1-coverage CamDist ObjDist NoisePerceivedNormalized[mean] NoisePerceivedNormalized[variance] NoisePerceived[mean] NoisePerceived[variance] NoisePerceived[percentile90] NoisePerceived[max] BodyCoverage[mean] BodyCoverage[variance] BodyCoverageOnlyCovered[mean] BodyCoverageOnlyCovered[variance] FovDistance[mean] FovDistance[variance] FovDistanceOnlyCovered[mean] FovDistanceOnlyCovered[variance] 
0.0 0.0 0.0 0.0 0.0 0.0 NaN NaN NaN NaN NaN NaN NaN NaN NaN NaN NaN NaN NaN NaN
0.0016644770398763775 0.0 0.0 0.0 0.0 1.0 3.4308099912201467E-4 0.0 23.823087956910285 0.0 23.823087956910285 23.823087956910285 0.0 0.0 NaN NaN 0.0 0.0 NaN NaN
10.001664477039876 0.0 0.0 0.0 760.0 2565.4229 0.0026688195714678576 5.980902741647613E-6 25.244210386664015 3.6195207672351337 27.237748205861493 27.70709702365282 0.0 0.0 NaN NaN 0.0 0.0 NaN NaN
20.001664477039874 0.0 0.0 0.0 800.0 2481.0499 0.005797885185814271 3.247689892323269E-5 26.0941476449464 5.6965866109470715 28.72166888076204 29.55541979301096 0.0 0.0 NaN NaN 0.0 0.0 NaN NaN
30.001664477039874 0.0 0.0 0.0781 800.0 2600.8228 0.027342259797398672 9.682264114613449E-4 28.059620879442896 14.08938091592191 32.381764471711236 34.69286428416051 0.016528654960785694 0.004149000087772924 0.26445847937257116 3.4083661525219144E-4 0.034353408321216666 0.018552072729982345 0.5496545331394669 0.012887491886002786
40.001664477039874 0.0 0.0 0.4062 675.8435 2554.596 0.06146072261652171 0.004599948315243723 29.519800848320468 20.77460830911479 34.94454417664099 36.253679834990656 0.11749516283778298 0.02145259354711525 0.28921886236992733 0.0027815934002009693 0.24123488851297495 0.0997944159908284 0.5938089563396307 0.035040893919800566
50.001664477039874 0.0 0.0 0.3906 630.1203 2571.8618 0.07626280864711994 0.007165488105253592 30.113291484585655 21.550669655251347 35.735034866363186 37.12509014560768 0.11071892307875944 0.020508581415182733 0.28344044308162414 0.003199523097163791 0.24428267093879166 0.11005245977937583 0.6253636376033066 0.042060273780519145
60.001664477039874 0.0 0.1094 0.4375 622.059 2485.1892 0.1051660114263881 0.012612743364937134 31.01995884491161 23.8799199029333 36.84829551358682 38.76909767040614 0.13824064781077125 0.024684543456136247 0.31043513894348634 0.001571239901148646 0.27535092467292094 0.1161184894280161 0.6183319010198927 0.04747699370742792
70.00166447703987 0.0078 0.25 0.4297 539.7076 2578.3688 0.14234998449988465 0.02136039771926449 32.016509470563015 26.327921536699506 37.87475201686031 40.3199661323103 0.14037508634100856 0.027432325496228357 0.3266911100299836 0.0025217956532997713 0.27891936354210145 0.12791938244306253 0.6491214278797998 0.05609123105347171
80.00166447703987 0.0781 0.2734 0.3906 378.1446 2601.3382 0.15588277178336005 0.02506368293251136 32.42213973385547 26.344475736809574 38.388199988153694 40.43357978586015 0.1303158577320466 0.02754704826441565 0.3336085957940393 0.002193160930233561 0.28049658375914055 0.13958014706241928 0.7180712544233998 0.0411467151742393
90.00166447703987 0.0938 0.2656 0.3828 387.1796 2602.6293 0.15976743865930754 0.024866062866459492 32.690973705054496 24.675160650494703 38.01029228188472 40.75399704410142 0.12291001107681807 0.025402396207864296 0.3210710493435247 0.002261238877695153 0.2899611642067428 0.14638179835216208 0.7574495718053689 0.02582588701888501
100.00166447703987 0.0859 0.25 0.375 368.1284 2675.1265 0.16983944481833507 0.0258963096164574 33.05400509353291 23.74028009999136 38.37186503669173 40.20684002182551 0.11794780782863103 0.02472286105788736 0.31452748754301607 0.0036590881222984626 0.2793300178678193 0.13930347915379326 0.7448800476475181 0.02225858066022758
110.00166447703987 0.1641 0.3438 0.375 310.5259 2595.8693 0.19639264740385207 0.03295864462220994 33.672893302988776 24.557898408559424 39.00667949387707 41.51726901794242 0.12540403134729433 0.028650052950870884 0.33441075025945155 0.006034898469955762 0.2821336507223343 0.14313697688037264 0.7523564019262249 0.025472157409064587
120.00166447703987 0.1406 0.3672 0.3906 201.0454 2618.7765 0.21858935194277387 0.03921364415909274 34.186014709640915 25.240854949691503 39.41429392864476 43.24305869566081 0.1298364773568745 0.02872681124538862 0.3323813820335987 0.005759127778544969 0.29481166121019403 0.14790452740943802 0.7547178526980967 0.029161312589451743
130.00166447703987 0.1094 0.3203 0.4062 119.9537 2725.094 0.22877938825261154 0.04075264551576037 34.44025788423032 25.344704478485315 39.62382445167888 44.21787715999486 0.12430758618957014 0.0263178107622984 0.31198766729931326 0.0071222912181837916 0.3012454882433012 0.1486524638842943 0.7560671077478932 0.026824078538056368
140.00166447703987 0.1016 0.2969 0.4219 115.8811 2547.6033 0.2482135296722162 0.04542047510126358 34.81804625020952 26.406976577696998 40.34447933455908 44.30762838765037 0.12121294885284702 0.02375465918724784 0.29274070666347957 0.0068373921920091545 0.3154418141143637 0.15528264977405715 0.7618217397478974 0.03264642596091317
150.00166447703987 0.1016 0.2422 0.4062 131.6124 2697.6396 0.2578118180345727 0.04540556895081991 35.03420034039342 26.08643333829186 40.59429741813687 43.582752640184836 0.11271322356778056 0.02144051946010892 0.2774479349360752 0.006789609537250943 0.3082942129458236 0.1509881980242125 0.7588780626358734 0.027347349134695317
160.00166447703987 0.1016 0.2969 0.3906 126.5 2704.6854 0.2652282435877019 0.045648318555886795 35.1951068185325 26.12363854291953 41.11082775619846 44.12412645496126 0.11282115657509062 0.023311948557816847 0.28882216083223194 0.00855036630475943 0.3024527855914296 0.15124561321460195 0.7742791311140597 0.019223025221535975
170.00166447703987 0.0938 0.2969 0.3828 107.3074 2722.2506 0.2713336386691303 0.04657581285126944 35.299131561137436 26.535141762000062 41.48689510166748 43.27560088005913 0.10502963968681472 0.021104531315210524 0.27436314040637316 0.008412308258208618 0.2969994018266567 0.1500751684957704 0.7758351721186133 0.017836717045279695
180.00166447703987 0.1016 0.2891 0.375 133.1518 2688.165 0.28815265721464306 0.051066685344835216 35.595173404657054 27.69268715258598 41.94333025950806 44.565056686147784 0.09539129334714151 0.017515244392677497 0.25437678225904403 0.00602573653821466 0.2972992185881925 0.15492223188347032 0.7927979162351801 0.017431220629690332
190.00166447703987 0.1328 0.2734 0.3828 161.4931 2738.2711 0.2990685593719799 0.05512066431266644 35.81075868460834 28.789280508651032 41.985722608703696 46.94262156778596 0.09319066499077068 0.016221270601132515 0.2434368391595642 0.005581336110539108 0.29465121277186773 0.14922231741978748 0.7697011272407974 0.021553292372008027
200.00166447703987 0.125 0.2969 0.3828 122.9546 2708.5447 0.312138633127928 0.06021662020708572 36.00291204042751 30.337716187400126 42.360751344539636 45.73732065678392 0.08920903474484147 0.01463901984031196 0.2330358458640757 0.0045173373531574145 0.2965971515153915 0.15270301348983265 0.7747843957953084 0.02581612440673463
210.00166447703987 0.1484 0.2656 0.375 118.5071 2522.9934 0.30725306755629017 0.059289894942106965 35.90686527657676 29.56312338486402 41.81334115591346 46.11011634771026 0.08320591918279341 0.013151112979702435 0.22188245115411576 0.004111418819520309 0.2855483066787553 0.1483297522259131 0.7614621511433476 0.030705112850539316
220.00166447703987 0.1406 0.2422 0.3828 135.502 2677.5854 0.3198285424093338 0.06697792058266434 36.08988138571332 31.49063653438714 42.83961546826396 45.008245034388025 0.08451033013073987 0.01253797322885489 0.21634644513469406 0.0033920175304257786 0.2920810922589688 0.14643789620799044 0.7477275961829601 0.03189060334697924
230.00166447703987 0.1484 0.2266 0.3672 130.9453 2540.0357 0.32603268670807917 0.0714789593440743 36.1923781309367 32.31857601656856 43.003415268495026 44.670358300172865 0.07993392717872243 0.012472767475536967 0.21769239742290367 0.0037947782981112704 0.2820166495466887 0.1484703921541836 0.7680453434463013 0.02850026679195059
240.00166447703987 0.1406 0.2109 0.3594 102.3997 2511.5924 0.32731306340154454 0.0758994753467381 36.21152481259413 33.44230500802249 43.450662601341186 45.02140668579245 0.07667114021680504 0.011251738749770514 0.20880650952661794 0.002874059444413099 0.26925683860267446 0.1353034137632371 0.7332952200243049 0.02588062127672137
250.00166447703987 0.1406 0.2344 0.3672 111.5288 2583.4319 0.33264550460211406 0.08227827629235836 36.283594036262365 35.596534471258785 44.08135010117988 45.219927898665794 0.08149675319296966 0.012599169145012369 0.2173246751812524 0.003897745705052444 0.2718059977909243 0.13815097920609717 0.7248159941091313 0.03796654467408712
260.00166447703987 0.125 0.2422 0.3672 123.0188 2665.0658 0.339113086240127 0.08874978248198225 36.38724054352217 37.94594132436362 44.51745487012246 46.22244666107819 0.07812358439979508 0.011813428739561245 0.21276210219518665 0.0033466232183146957 0.2618462234349974 0.1300601290086312 0.7131131191421208 0.030278961665686978
270.00166447703987 0.1406 0.2422 0.3516 100.8683 2634.0549 0.33611638922133047 0.09352031072998133 36.32825102066826 40.21212853195579 45.08097534688923 47.35722621537235 0.07406422902349816 0.01163912182019358 0.21545957534108562 0.0032025417479461657 0.246189830167907 0.12723336567735044 0.716188596852093 0.03134642145902358
280.00166447703987 0.1797 0.25 0.3438 130.1516 2634.8222 0.3436490564817405 0.09829640361207964 36.47792371734494 42.59925381350557 45.68440342476854 47.16059552279073 0.07571167873358106 0.012466346614168058 0.22025215631587225 0.0042435008849445385 0.2552156909467391 0.1386240693613542 0.742445646390514 0.039270218689299544
290.00166447703987 0.1875 0.2656 0.3438 163.2612 2674.6483 0.34584178468225574 0.10200128183946329 36.58670069564917 45.69132769905547 46.500262760395415 49.16940111924084 0.0710406817094398 0.01048944466030802 0.20666380133655216 0.0023002403721775638 0.2544931711879723 0.13845406718558162 0.7403437707286468 0.040860978560031465
300.00166447703987 0.1797 0.2656 0.3438 147.8941 2620.7004 0.3479092708225115 0.1069537187749349 36.6754229630278 48.640349584811446 47.73898384457295 50.17337958885485 0.06738559245298609 0.009228463657130394 0.19603081440868678 0.0014512574126980856 0.25951251443286644 0.14228846335092363 0.754945496531975 0.03752416986338681
310.00166447703987 0.1406 0.2266 0.3047 130.9143 2631.0184 0.3385367671460543 0.10874176912279339 36.52746913996502 50.683834173853306 47.54393936492532 50.318729874685566 0.05595845710194121 0.0072970336621978535 0.18365852587303777 3.1705858179227825E-4 0.23017235807356098 0.1301947265242166 0.7554374829080974 0.027877281099039686
320.00166447703987 0.1406 0.2266 0.2969 123.8976 2559.7674 0.33811475177944983 0.1089068787983142 36.51220110874209 51.591288606559694 48.09941839304489 50.863467063537485 0.05384489932134699 0.0072303386313262805 0.18627424630087602 1.5362401942958152E-4 0.21855263293733862 0.12687135583233533 0.7560739734048473 0.029879001406981243
330.00166447703987 0.1328 0.2266 0.2656 110.1909 2600.6843 0.32838287673978583 0.1108552500548758 36.316333371540665 52.69584470208818 48.02891692635512 50.33074848860416 0.050270391384281125 0.007130103441272779 0.18925323815258785 3.4008205728379984E-4 0.1981664275813144 0.1176383990868513 0.7460383156002426 0.03161031475605066
340.00166447703987 0.0859 0.2109 0.3281 146.4389 2555.5524 0.3327472086644275 0.11003142534328196 36.31106420935536 51.24722747790453 47.539132364931255 48.97577961571713 0.06010955708804694 0.007548560097976367 0.1831910311254764 2.847659147772757E-4 0.23302854183003732 0.1238520657848771 0.710182222720114 0.03650823815581109
350.00166447703987 0.0781 0.1641 0.3359 186.4288 2534.2531 0.32586779924168746 0.10472923839747234 36.10849385859101 48.42304656952202 46.67317446123758 48.48322489166476 0.0585966160740179 0.006867388535412309 0.17442713622033235 8.064165733185234E-5 0.23452483069358926 0.12224740154318543 0.6981204262506842 0.03830145572665247
360.00166447703987 0.1016 0.1875 0.3359 188.8165 2548.8199 0.3295803895153628 0.10282880015641664 36.11838929635123 47.07647834444595 45.96067530513546 48.545357872021484 0.05903157065526695 0.0069879073658380905 0.17572188474125974 1.368436382168587E-4 0.23749430723853024 0.1253840351080507 0.7069597982914387 0.0393419908990844
370.00166447703987 0.1016 0.1875 0.3516 113.1929 2613.2474 0.31943420662810423 0.09797610971270777 35.88252305854193 45.414353218884045 45.25312388693709 48.54628436128502 0.06008536784658294 0.006981724930991709 0.17479379737187764 1.0383485570132674E-4 0.24188985475074773 0.12636552253277267 0.7036795774567208 0.040710081301579625
380.00166447703987 0.1094 0.1953 0.375 166.6378 2650.1501 0.3130368640799195 0.09300546280216583 35.74187814275735 43.91614673504228 44.51197602312721 48.01938114500808 0.06610261458518955 0.007393619541364826 0.17627363889383882 1.4505975929935064E-4 0.2665508600553962 0.13139017493762645 0.7108022934810566 0.03253947243703521
390.00166447703987 0.1094 0.1953 0.3594 114.4309 2643.2106 0.29269510642379215 0.08242941244429923 35.35812675507927 40.835646667939805 44.22742165730593 48.0060539883209 0.06264762880357469 0.0070819358721719 0.17432383667081655 8.635344074736579E-5 0.2586277211346767 0.13185792491319734 0.7196597457660568 0.03297314979354411
400.00166447703987 0.1172 0.1953 0.3594 122.9503 2665.3778 0.27675496063706295 0.07725556464379488 35.047268880277045 39.61618435890543 43.92146981494681 47.97191538025707 0.058907746546607645 0.006699143938122385 0.17136798995376767 6.556981851393859E-5 0.25127617364787846 0.1324468428957699 0.7309852324301919 0.03236508332830242
410.00166447703987 0.0938 0.1875 0.3281 116.1765 2481.8391 0.2715756372982034 0.07878220508476809 34.92976326685449 40.690311528255066 44.0109597807394 47.63958569802118 0.05515019905956777 0.006523473482441141 0.1721762312103579 5.919960829473449E-5 0.23532366475323346 0.12811744512320816 0.7346690021564362 0.030748008985669366
420.00166447703987 0.1016 0.1719 0.375 121.95 2534.5267 0.2659153656939805 0.07666248476433242 34.7869297566378 40.461282569848066 44.00149444018878 48.07693949119107 0.06452583066031926 0.007018356803440472 0.17206888176085133 6.596408349034507E-5 0.2699263006360757 0.13549202547315653 0.7198034683628686 0.03540374985264692
430.00166447703987 0.1016 0.1875 0.3516 168.1855 2639.7169 0.26842380418064515 0.07905372137386793 34.8119630974366 42.30801318922196 44.675348336740186 47.97273323111101 0.06084615423379123 0.006911915799338669 0.17307350537611726 8.527633541965967E-5 0.2672117008485028 0.14373946826285836 0.7600688379690747 0.03176526481961528
440.00166447703987 0.1016 0.1875 0.375 112.1173 2495.0857 0.25193691912586663 0.07152634156150042 34.48910064446534 39.5731872415083 43.60872979580783 47.85229829211758 0.06323483236815347 0.006970312123609237 0.17221401155582225 6.838659503958306E-5 0.2633586873594501 0.1345266393769796 0.7172321698299918 0.03880104469187544
450.00166447703987 0.0938 0.1875 0.3828 135.3598 2597.6127 0.24718757051298168 0.07066760733289847 34.38633143875544 40.30258182867774 43.45469624315094 48.01628012374573 0.0659718768754477 0.007103916184594564 0.1723346987766797 8.389826349108979E-5 0.27523603315722484 0.13642880040713376 0.7189839233494854 0.03527344369479358
460.00166447703987 0.1094 0.1875 0.3828 156.012 2584.7733 0.25009663310584557 0.07424252924639392 34.36082943317203 42.04910353973694 43.533863014008745 47.91988869740968 0.06652691172741933 0.0069894864935316344 0.17030889402219349 7.989905052701797E-5 0.2781194404702528 0.1364906715801844 0.711985767603847 0.03855066923672916
470.00166447703987 0.0938 0.1641 0.375 98.946 2536.0842 0.22651491738859925 0.059780128471880425 33.9092082463672 37.01561207313883 42.3455932068542 47.758688147878644 0.06371580123974455 0.006843793476966108 0.16990880330598546 6.578145422415128E-5 0.26855392119264937 0.13515500302689593 0.7161437898470651 0.037847394730218156
480.00166447703987 0.0781 0.1641 0.375 146.0502 2743.3246 0.2202979714334171 0.05765094445104781 33.76242605966927 36.99835115560206 42.085118453868944 47.153103655439935 0.06399060612963316 0.0069046586549588295 0.17064161634568842 7.095345335530261E-5 0.25587289010242337 0.1240675246325482 0.6823277069397957 0.03807324762982997
490.00166447703987 0.0781 0.1484 0.3672 123.3473 2550.3031 0.21619803301076188 0.05703870805594645 33.64173210332827 37.62808691451104 41.44749451624814 47.389998889957795 0.06192909221985401 0.00691313806040726 0.17232443052481114 6.384663546495613E-5 0.25010463026457536 0.12642714163944221 0.6959433189970793 0.03963195503586972
500.00166447703987 0.0859 0.1641 0.3828 126.9966 2553.0292 0.21563702839245263 0.055617050438932183 33.61120077653444 38.01315119118588 41.927187425945995 47.57782243017103 0.06407325856308514 0.007160300221689916 0.17449738502287018 8.104840333178483E-5 0.25537329888642357 0.12566488059593744 0.6954847288821748 0.03419941832527459
510.00166447703987 0.0859 0.1562 0.3438 114.4644 2642.5908 0.20720530105752746 0.05235505316055072 33.40291221599831 37.5983275427948 41.69049332721264 46.75820512176017 0.05997671268794506 0.0072230833098243935 0.1785353307920225 1.7035214250156675E-4 0.24928347334158293 0.13365842557123803 0.7420531299470376 0.029790133533000238
520.0016644770399 0.0859 0.1641 0.3594 117.7364 2635.9062 0.2022285300213564 0.05086923924823682 33.259674174447575 37.78117288673382 41.42905414835974 46.620114898184575 0.06464723093327812 0.007606428696044459 0.1798879469447739 2.759403831327717E-4 0.25995010117419354 0.13266602558220392 0.7233394119629734 0.0317766372544276
530.0016644770399 0.0781 0.1641 0.3594 99.4793 2563.8813 0.18113084134327206 0.04083280282594008 32.80474753564313 34.39633975759585 40.60911842003082 44.32473744982951 0.06495619377527508 0.007699444203517452 0.18074766963554803 3.354133395129254E-4 0.2462700279140588 0.12155060105682995 0.6852731211521637 0.03552052041946163
540.0016644770399 0.0703 0.1641 0.3438 122.1268 2529.6239 0.17273035767946315 0.03789440239852273 32.58686952223626 34.227220025449405 39.8868870787976 44.160762348843136 0.06274746771758817 0.007710800745890346 0.18253808790571102 3.988897992601643E-4 0.24926914519099208 0.1291315638703358 0.7251466041919771 0.028282511201523197
550.0016644770399 0.0781 0.1719 0.3672 137.203 2513.7121 0.17889181656306752 0.04194959592210349 32.62066249349047 36.258855069713185 40.53395417986802 44.51745603470164 0.06499767957947494 0.008014246934568705 0.18488228858161762 4.6375048133953764E-4 0.25107378678735465 0.12840145486811705 0.7141654379729199 0.03237278257219233
560.0016644770399 0.0859 0.1719 0.3672 162.507 2576.721 0.1818575784109948 0.04228011233192468 32.61667007632626 37.321784632798746 40.93041403330358 43.95429891819461 0.06848682946790047 0.008339030483833698 0.186517322806197 5.296627169576577E-4 0.25536185711889164 0.12536258947950757 0.6954535683237899 0.03339285585609788
570.0016644770399 0.1016 0.1953 0.3672 150.5856 2458.5363 0.18558336278348478 0.04393239515669338 32.644951226671274 38.72455255518953 40.877997447337755 44.90526109461147 0.06885103059091999 0.00881300203981922 0.1915854764269078 8.35576537798878E-4 0.2653460254640809 0.13785527290893257 0.7383541578130947 0.03204963742814592
580.0016644770399 0.0938 0.2031 0.3828 123.8234 2571.856 0.18712250189296864 0.04397025939609631 32.636817175782774 39.57335398029359 40.66795307579905 44.379028505024 0.07159495781113773 0.008904149454459205 0.19091988749636726 7.939335631393965E-4 0.2684768517576344 0.13222287180082215 0.7159382713536918 0.030112265256107322
590.0016644770399 0.1016 0.1875 0.3906 117.1964 2617.2543 0.18625452229186873 0.0435599093999553 32.58557934711406 40.206957499238996 40.44320910151682 45.38527033574381 0.07356441000169107 0.009139431310035384 0.19216825469829504 9.146870503676416E-4 0.2684197249958235 0.12696912720051592 0.7011780571319471 0.02617682238035313
600.0016644770399 0.1016 0.1797 0.4141 141.1359 2512.7621 0.19771193731330144 0.049612983111512625 32.75834253099823 43.08521637457469 41.14761955616935 45.9317866642992 0.07971122334284556 0.00944721352418044 0.1925101242997025 9.404770006726305E-4 0.28664239832147914 0.12972280357528326 0.6922684336820628 0.03062086049221011
610.0016644770399 0.1172 0.2031 0.3984 163.3015 2580.7202 0.2046794065726338 0.053670753994860355 32.82610185084475 45.12668935157804 41.480409615599505 45.5569963377257 0.07844162129137636 0.009776759569783876 0.19687308873129752 0.001050681133416099 0.2883784823915425 0.13675776260494862 0.7237734460023028 0.025934857568269805
620.0016644770399 0.1094 0.1953 0.3984 90.2421 2515.627 0.1901525219081175 0.04718231374502222 32.51987253211903 43.05698025803913 41.013465072119935 44.239301632132495 0.07902509509165594 0.009578669592864355 0.19452331099484535 9.451388034608626E-4 0.288515472713426 0.1347708949280401 0.7101919328330486 0.030262749083301514
630.0016644770399 0.1094 0.1875 0.3984 132.5405 2625.9647 0.19272703499504887 0.048232625774465084 32.53259511878504 43.999769166310855 41.0757476026626 44.05680831917182 0.07938685206510987 0.00928478959723924 0.19172673706290685 7.235503930566022E-4 0.2910426922939777 0.13523734586082967 0.7028955587477197 0.03523455265133015
640.0016644770399 0.1094 0.1875 0.3828 115.6782 2569.7671 0.19064669276814875 0.047969029666982396 32.469771062463515 44.33689515219083 41.0521568114357 44.27567776004296 0.07460399209408891 0.008991209028232383 0.19098621976086766 6.22723696207693E-4 0.28231712919972074 0.13676970808999525 0.7227318507512851 0.02968705279950345
650.0016644770399 0.1016 0.1797 0.3906 110.9007 2559.6033 0.18323845996343713 0.04299469164049462 32.33172048591664 43.03447497217942 40.50084973676216 44.057103004726 0.07168792236504007 0.008530032767303195 0.18726640944336997 4.7416074018274246E-4 0.2717970541736017 0.1317386436206159 0.7100004680453269 0.030952102528478322
660.0016644770399 0.1016 0.1875 0.375 111.3157 2610.1165 0.16991586308477538 0.03699471564398777 32.05204325426883 41.10817935867485 39.70396327587496 43.16955667698713 0.0693779824203021 0.008206291326291951 0.18500795312080565 3.26823763841951E-4 0.2692172314698439 0.13169496313536716 0.7179126172529171 0.02687881995454444
670.0016644770399 0.1094 0.1953 0.3906 153.8544 2606.7003 0.17038768796647316 0.037472217713607224 32.047618392216215 41.417764205883806 39.903526023123035 43.03723741575527 0.0716901408877567 0.00816934810409684 0.18352676067265716 2.297261537791997E-4 0.2873117522500191 0.13815048597838242 0.7355180857600488 0.021671806057412358
680.0016644770399 0.125 0.1875 0.3828 153.2963 2668.1808 0.17081450432180828 0.04057578346239895 31.990398836007074 42.474506870132025 40.175356428002296 44.351700848418645 0.07204586406088175 0.008234789492845054 0.18443741199585725 1.9097865356244582E-4 0.28579837874568637 0.13745396438082902 0.7316438495889571 0.023400992773197734
690.0016644770399 0.1172 0.1797 0.3906 121.5295 2525.2047 0.16851057123353635 0.03991283273594057 31.896717583304625 42.39895400147165 40.10464789621357 42.99423167909061 0.07274066398725809 0.008410255712557052 0.18621609980738074 2.3581268115193608E-4 0.28903183132651805 0.14137489123029312 0.7399214881958862 0.025989058981662736
700.0016644770399 0.125 0.1875 0.375 102.0802 2478.9118 0.1648271611064991 0.039849368716801455 31.765672969173984 42.50941782859556 40.19503923555325 43.90907718819467 0.07055371190002037 0.008505023158033795 0.18814323173338762 3.8726960974039726E-4 0.2750131376365544 0.13727387826894744 0.7333683670308118 0.02763633377261997
710.0016644770399 0.125 0.1875 0.3516 112.7598 2569.0398 0.1549938118805561 0.03666074527067297 31.51818412169075 41.34559545627322 39.57084724427035 43.04212046642367 0.06748167459569951 0.00862507243773667 0.19194787440554525 4.6109517261244687E-4 0.2615359697091313 0.13651850572141563 0.7439245360615291 0.02702543539751344
720.0016644770399 0.1328 0.2188 0.3594 161.2168 2527.5502 0.1616902026633621 0.03982992750076254 31.62706496520667 42.879777610397234 39.90912951353754 43.808458278651806 0.07012970287099926 0.009061832596802377 0.1951435210323458 6.36743416079598E-4 0.2737449510031056 0.14383063033824284 0.7617250810521198 0.025955148083110953
730.0016644770399 0.1328 0.2109 0.3672 112.7009 2545.7949 0.15944798624644152 0.040090924353035635 31.551713312083 43.00514945576129 40.17858810909597 43.212246887218775 0.06998737093126771 0.009053455315834208 0.19474746693917974 7.142231593328228E-4 0.2745119140097811 0.14479111582313825 0.7638592389837388 0.026533729953003196
740.0016644770399 0.1328 0.2031 0.3516 120.8672 2523.3504 0.15382769701583088 0.03896560974888646 31.455437316730368 42.48201536511499 39.784928548969404 44.801397546293906 0.0649503235582268 0.00862306918228006 0.19334049803379139 6.604741498160453E-4 0.2543338118139944 0.1371962834085682 0.7570866956323553 0.0251653488836162
750.0016644770399 0.125 0.2188 0.3281 116.7977 2591.2116 0.14730470385974448 0.03726912017723764 31.262334566829967 42.07815562403768 39.25843077588605 44.89897536341245 0.06337281767639678 0.008496931059357124 0.19313620625187594 6.464849801073231E-4 0.2396375235814544 0.12860490014700623 0.7303238813910992 0.031261067625837774
760.0016644770399 0.1094 0.2188 0.2969 136.9242 2673.091 0.1443901259317532 0.038111285262376025 31.12388172216747 42.383690030810925 39.261257315088976 44.269275468345484 0.05604431519793923 0.007965989213266148 0.1938830363604384 6.353002212464395E-4 0.21444140571802428 0.12175465917978164 0.741851349511003 0.027395275265098787
770.0016644770399 0.1094 0.2266 0.3281 138.2228 2516.2222 0.14875872855746536 0.038600201865560284 31.281372237603396 42.89605472288346 39.58630817219444 44.76372243614505 0.061680926459145705 0.008351601825533673 0.19256484357977197 6.826037429421778E-4 0.2348258018978459 0.12811877460297533 0.7331146986079092 0.03234162217489966
780.0016644770399 0.1172 0.2109 0.3203 129.3773 2616.4931 0.1485163100303493 0.038831986221331535 31.24701497925811 43.47948024918658 39.27018482298062 45.59526209797517 0.06188256052900744 0.00842560171556387 0.193194335310072 7.483771235213238E-4 0.23603009794118782 0.1284266122889591 0.7368744521090741 0.029468599721326504
790.0016644770399 0.1016 0.2188 0.3672 147.179 2706.1378 0.15023154248858236 0.036083665949786334 31.315535674382087 43.16475881890924 38.99310285622766 44.65606439064381 0.0660269646054849 0.008305169686007271 0.1878100326556015 5.798377429612804E-4 0.2608385731688162 0.13605241103872648 0.741940830346855 0.027634837139985376
800.0016644770399 0.1016 0.2109 0.3594 128.5169 2622.1234 0.15117451588145442 0.03638479892267385 31.310825283739206 43.585395182176974 38.86500882934763 44.54422111445942 0.06439156251077777 0.007858547517049584 0.183158222252879 4.351471115428033E-4 0.2623346125152857 0.13733960538078469 0.7461962311545906 0.027150514842142228
810.0016644770399 0.1016 0.2109 0.3359 108.5211 2481.7355 0.14478924569257823 0.03674641041168857 31.100156618588358 43.390503848662775 38.97055694901148 45.6894334248095 0.05925843961735993 0.007395807057596157 0.1805971493100493 4.610644710590239E-4 0.23622859672057941 0.12462748253938298 0.7199347709579562 0.029310749867296697
820.0016644770399 0.0938 0.1953 0.3203 121.7434 2626.0778 0.14400284128949303 0.03575505439461885 31.046611381090862 43.3372378712785 39.11540604795513 44.23782038162699 0.05512164060873057 0.006820936964811675 0.17638924994793787 2.72997137389445E-4 0.22619043756381632 0.12199800902408808 0.7238094002042122 0.027858867458965653
830.0016644770399 0.1016 0.2031 0.2656 133.0966 2580.5736 0.13644741655842588 0.03321946356709593 30.847071019746224 42.12220783915792 38.75228978299076 44.383306557967764 0.04633750218773273 0.006000554113868028 0.17444706705969965 6.74813763070886E-5 0.1969439358160195 0.11611590700402545 0.7414359936603087 0.030930783372173462
840.0016644770399 0.0859 0.1953 0.2656 137.6935 2623.2708 0.13564452900260926 0.03433343428120926 30.713445063074143 42.845719021524815 38.97789162064577 44.86557927693228 0.04664782673610668 0.006074480206547796 0.17561534771240161 4.254548110249538E-5 0.19372236396146444 0.1132402691652649 0.7293077231490426 0.03336035947614535
850.0016644770399 0.0859 0.1797 0.2812 129.0652 2584.7186 0.1387010148148165 0.03547851918594537 30.831611684061244 43.312742652367575 39.265584750948804 45.53748317555596 0.049237411820329466 0.0062628012614546645 0.1750663531389492 6.722459055032916E-5 0.20921199554812023 0.12215199076154189 0.743864873059983 0.03416460033432097
860.0016644770399 0.0938 0.1875 0.2422 118.7455 2607.8077 0.1299048508856218 0.03394312235835852 30.591835502844308 42.0267837219063 38.72707089119535 44.34838202124831 0.0420981367087897 0.005595842387230496 0.17382456447500264 2.8534205088908253E-5 0.18108065192558584 0.1102512616269935 0.7476878531120964 0.028963508347509954
870.0016644770399 0.0938 0.1797 0.2578 138.1422 2532.0638 0.13064821382876238 0.034157418984044056 30.676646078824845 41.726472861808546 39.03810007928646 44.84312528073396 0.044104764327348736 0.0056509951791120444 0.17107302526971627 2.7766213435180145E-5 0.19035963727898653 0.11319624979642141 0.73836465368819 0.03197547177666393
880.0016644770399 0.0703 0.1562 0.2812 126.8694 2587.1016 0.1303605438562955 0.034311638856906544 30.65374699320201 41.91762678313587 38.74249033150026 44.33625536582045 0.04794447566669422 0.005935045422755816 0.1704692468149128 5.2267781513089004E-5 0.2086541585770668 0.11974867515449017 0.7418814527184597 0.027622569107921796
890.0016644770399 0.0859 0.1875 0.3047 154.6221 2543.4572 0.13583019412765981 0.037374244495781375 30.791023982576828 42.88345439060936 38.77548777807443 45.0205388519441 0.0511640163755776 0.006266995888629519 0.17234194989668247 6.256504464302537E-5 0.21414376370033084 0.11938507108391223 0.7213263619379565 0.03404933101371296
900.0016644770399 0.125 0.2109 0.2969 193.3175 2576.6651 0.14794593424732735 0.04677040032792589 31.02453063169338 46.41221257813308 40.02498721791963 47.291084477310804 0.05308939370912414 0.006513747963962958 0.17424211268635614 1.0420180642136313E-4 0.22661526323525683 0.12630107293890527 0.7437629152336634 0.02735425521669476
910.0016644770399 0.1016 0.1953 0.3047 136.2657 2560.9759 0.13847184847689295 0.03824272932920021 30.930057211453324 42.71502751132759 39.242969877430745 44.94489043186999 0.05267669473995987 0.006403722401841721 0.17288761350550932 7.201498393049096E-5 0.21577946814142643 0.11618849152722258 0.7081992800539124 0.03040567181604585
920.0016644770399 0.125 0.2031 0.3125 138.6433 2428.7882 0.14349575674619167 0.040886019684838175 31.01085809912782 43.94669395687735 39.52740075445682 45.896007205445116 0.05401561865566055 0.00649555750190874 0.17284997969811378 8.500325634247515E-5 0.22575152778842134 0.12311789658147827 0.7224048889229483 0.03293795432061232
930.0016644770399 0.1016 0.1719 0.2891 102.5375 2591.0112 0.13291222386587812 0.03668205133199622 30.770609811496268 41.974186589453815 38.93414299096506 45.87983380964363 0.04720314432236725 0.005987873767389617 0.17262864209322884 7.761178578509572E-5 0.1990764706989486 0.11418509512729542 0.7280510928418691 0.030067287364106493
940.0016644770399 0.1094 0.1953 0.2891 145.8375 2607.1215 0.14100565996602604 0.03931946919467352 30.92037504856939 44.13289224741746 39.2545353544333 46.76094085728843 0.0500002445874649 0.006217043394613468 0.1729738191133921 7.027178311773143E-5 0.2141856247402252 0.12227827651899849 0.7409664855878061 0.03020120782883922
950.0016644770399 0.0938 0.2031 0.2969 127.1524 2492.4882 0.1426078731694437 0.03873562558972399 30.953212016394914 44.395512579802485 39.2303461156233 46.76607764421858 0.05089829410721973 0.006449867065143722 0.17608058501957097 9.924415582185854E-5 0.2169475018736831 0.1252584278992371 0.750521087563012 0.030301830934012137
960.0016644770399 0.0859 0.1953 0.3281 147.8603 2525.9591 0.15349055437292633 0.04812695013004928 31.099887806259453 48.50542424359314 40.024278051038706 47.845440976953036 0.05762016177254259 0.007194806122685678 0.1798873343142793 2.993358032830785E-4 0.2411605103489417 0.13353495131768842 0.7528913493820619 0.029063805465598346
970.0016644770399 0.0781 0.2031 0.3047 125.4852 2533.2103 0.1497835090198784 0.048156353219450186 30.950967604757118 48.338173152658015 39.91867428528254 46.77415080700774 0.05383713284529275 0.007006714431541846 0.18134613168940716 3.018570907833191E-4 0.22310343848900707 0.12646918033152343 0.751506319120866 0.0262664312517852
980.0016644770399 0.1172 0.2188 0.3125 154.5379 2604.863 0.15397750578567712 0.04680530790635422 31.11913699488201 48.10075746984056 39.70198860120061 47.23255814079102 0.053457244079282845 0.006864260776173861 0.18006650637232116 1.4685924934270767E-4 0.2299894817709039 0.13370131040205097 0.7747014122809395 0.02552650136943757
990.0016644770399 0.1172 0.2188 0.3125 142.4482 2688.4801 0.14883855451447717 0.04217220640435212 31.02650192692216 45.975553086203576 39.69097185826569 45.12680246544039 0.055905416906440186 0.006972624632322947 0.1788973341006086 1.3862267247779326E-4 0.23064517296681458 0.12793746703203224 0.7380645534938067 0.032505845439941984
1000.0016644770399 0.1172 0.2266 0.3281 159.7686 2555.2007 0.15980512895384033 0.04769365751923891 31.25780816986337 48.35573054022641 40.35383633564104 46.173584511691 0.05962112627584953 0.007385136121942282 0.18170248007877948 1.5238847993277366E-4 0.2511859687070269 0.1386206841858876 0.7655191427261773 0.026050914455493672
1010.0016644770399 0.125 0.2109 0.3203 117.4415 2563.6251 0.1558162615487343 0.046552709652613995 31.155972837763446 47.947557055275986 40.40466888065229 47.02641923933627 0.05852825879160423 0.007377113186126347 0.1827223689103742 1.619663101932262E-4 0.2455035858812422 0.13840409898163472 0.766450219336561 0.030171361255355533
1020.0016644770399 0.125 0.2031 0.3125 116.9946 2557.4934 0.15424699593558702 0.047443487137969746 31.050674418343405 48.15783137374364 40.56013166386222 46.47021822985465 0.057904490887016 0.0075213944358740814 0.1852943708384512 2.8287146370578506E-4 0.24015818478269307 0.13562929038930552 0.7685061913046178 0.025214649036403955
1030.0016644770399 0.1172 0.2109 0.3047 124.5785 2534.2662 0.1510543246850426 0.04385646827854793 30.986066706461973 46.97413089185396 40.510593052296855 44.784953158340414 0.05357397630238029 0.007200905017897616 0.1853369991001264 3.0428048550697634E-4 0.22641653811964316 0.13428727643537475 0.7832788345760628 0.025441150987400133
1040.0016644770399 0.125 0.1953 0.2969 113.0507 2554.8518 0.14344015137438096 0.0380117474215557 30.84416377927942 45.07160927326717 39.556908325415755 43.59566759542296 0.05339283116906482 0.006870937255145781 0.1798495365694815 2.2616747658147444E-4 0.21960806586614962 0.12321766867492583 0.7397324323912409 0.027784733391469463
1050.0016644770399 0.125 0.1875 0.3125 125.8623 2595.2919 0.13881454449828992 0.03754610007296046 30.77171191150089 44.511873975053405 39.73914439824076 43.631516470806744 0.053494115380020066 0.006914857627016967 0.18019070443796234 2.8821915151683644E-4 0.21677112090670012 0.12104718609989307 0.730176407264674 0.03047806462354884
1060.0016644770399 0.1172 0.1875 0.2812 143.9741 2586.7607 0.14060703932991597 0.04129764588416225 30.74488459427226 45.999686548045666 39.63996973430517 45.14150309417424 0.050771154828702876 0.006723294700175831 0.1805196616131658 3.0459404282055384E-4 0.21101572956550144 0.12309642201741751 0.7502781495662274 0.03050744040848637
1070.0016644770399 0.1016 0.1875 0.2578 139.2333 2644.4142 0.1366005863374932 0.039874515521842215 30.58031090071844 45.75010145091445 39.576264079723934 44.67639277393638 0.04620965749859924 0.006248056447015046 0.17923745938850613 2.082973715945383E-4 0.19170726804816174 0.11465421070207119 0.7435918275807487 0.03183277398002345
1080.0016644770399 0.1016 0.1719 0.2422 161.5332 2554.515 0.1316941511542322 0.03493792175125521 30.497224745694 44.28604955048983 38.941118099521816 43.388309043384496 0.042650901594708426 0.005765884505903603 0.17610694852008638 1.2295598322405044E-4 0.17720567629093834 0.10585148584366641 0.7316879537174228 0.028873020364000766
1090.0016644770399 0.1172 0.2109 0.2891 178.2024 2624.2435 0.14362075106591937 0.04175969259812612 30.698650341130037 47.75357199665847 39.53207949571818 45.31938604304065 0.04797659730307731 0.005953817366236948 0.1705834570776082 9.158666995454468E-5 0.2091211958871327 0.12194943269589396 0.7435420298209163 0.033784608379340754
1100.0016644770399 0.1094 0.1953 0.2734 124.0646 2585.7687 0.140921510099529 0.03953719317759464 30.643717854473365 46.96808901921427 39.779593657561776 43.570263631370565 0.04535195629716528 0.0057507222366112365 0.17073677664815162 7.504611394663126E-5 0.2025792324766969 0.12090809612644705 0.7626512281475649 0.02522975655083841
1110.0016644770399 0.1172 0.1953 0.2656 122.2469 2631.8266 0.13735841508034946 0.04078716461960354 30.43923804947455 47.4189873440726 39.93975472160923 44.28089979206773 0.04537779013349729 0.005758580695361254 0.17083403344375453 8.015400265279383E-5 0.19657966648590125 0.11645349696820664 0.7400646267704517 0.03376722148965815
1120.0016644770399 0.1172 0.2109 0.2891 147.2874 2554.0665 0.14517829451564537 0.04351344490803445 30.631576223229345 49.75648194365692 39.627816482323055 46.951003253317296 0.049646277348757595 0.006125402246751258 0.17174928380110735 5.542335377070518E-5 0.21951663186973067 0.12799394793599086 0.7594088886304196 0.030146366012753088
1130.0016644770399 0.1016 0.1875 0.3047 139.0505 2528.4161 0.14642188287324723 0.042102799536865514 30.74439910421987 49.51454890661218 39.583521040265964 45.51512964719791 0.05199885455411136 0.00623676417102422 0.17066290725451935 5.9434555850659494E-5 0.23008601864901268 0.1309728339603974 0.7551541124890673 0.03078326387805367
1140.0016644770399 0.0938 0.1797 0.3047 132.5313 2519.1551 0.14095373744307035 0.038593082971390816 30.63772453048763 48.034449385545614 39.19517747518662 44.85073972585785 0.04955227451324774 0.006103650136898256 0.17142408480258675 6.02310091375954E-5 0.21890691739925922 0.1270571173514986 0.7572996061379779 0.029179021440350388
1150.0016644770399 0.1016 0.1719 0.3203 153.5346 2517.1601 0.14047848343888408 0.03778901307268186 30.669770413699478 47.82809450591922 39.23649460982228 44.811535715748306 0.05609470733294434 0.0067561776389306934 0.17512493996626527 8.457260092197154E-5 0.2344467619723768 0.1274433657477134 0.731931354450347 0.031405000368646366
1160.0016644770399 0.0938 0.1719 0.3047 109.3019 2515.2128 0.13495772299218942 0.03384753669149117 30.584985139856446 46.53275364129235 38.802331524114905 43.344402703543146 0.05261624924871382 0.006626550421068566 0.17723368167987816 6.18503277702044E-5 0.2154357309356049 0.12052566394213067 0.7256782515725638 0.033416948946106494
1170.0016644770399 0.1016 0.1875 0.2969 181.5683 2552.9678 0.1388886373586322 0.03398806200316867 30.49875037709304 53.72196588758803 39.250471814822596 43.08961585286389 0.05288008341864409 0.006692065622764808 0.17812238625227483 5.8673950102379576E-5 0.22080626742644618 0.1234076929351027 0.7437684797522397 0.024113249644323476
1180.0016644770399 0.1016 0.1953 0.2969 131.1961 2687.9119 0.1370599473584579 0.032756945119336904 30.12129789924387 66.31079979125766 39.09675858132597 43.081162201089704 0.05178051344125584 0.006660719244647872 0.1791325870400202 5.093908194291746E-5 0.2104978991872871 0.11860711038081685 0.728208948539804 0.0309454366443231
1190.0016644770399 0.1016 0.1797 0.2891 125.6867 2617.0233 0.13452077412835792 0.03173699539223781 29.734039587400385 78.44417788644554 38.78812075075516 43.21311735195529 0.051029347907476444 0.006726837265849318 0.18143768144880512 7.179566590232456E-5 0.19839747159363041 0.10992453945364411 0.7054132323329081 0.030994684344206474
1200.0016644770399 0.1094 0.1875 0.3125 155.1256 2549.3079 0.14033899439511455 0.03180229634681627 29.55355626477852 92.08148692943517 38.994255344855276 43.23186752461213 0.05713232496442233 0.0072725661413588286 0.18282343988615146 1.139646212289492E-4 0.22621570907898664 0.1220750024621146 0.7238902690527573 0.028027037638038925
1210.0016644770399 0.125 0.2031 0.3125 156.9967 2550.5322 0.148980742549617 0.03890604997112658 29.459025929421223 101.55320682076022 39.618917303801325 44.988292502322054 0.05727469138308337 0.007314723015203329 0.18327901242586678 1.336390268281023E-4 0.2287428882143346 0.12440519977522463 0.7319772422858708 0.02731324571235291
1220.0016644770399 0.125 0.1797 0.3047 116.8431 2559.4624 0.1471720910184202 0.03754741450566395 28.75224977004211 124.84750672581623 39.857079768041686 44.68765325233822 0.05602587610339662 0.007272951957230979 0.1838797984931992 1.785398060488742E-4 0.22614559812111762 0.12648114072652392 0.7422214502436681 0.029590651151085296
1230.0016644770399 0.1328 0.1953 0.3203 142.2351 2600.8159 0.15300812911488837 0.03725291456064198 28.40095693158016 143.9159123720904 39.435713674746474 45.17601867992244 0.058721487095157766 0.007435105640138535 0.18332561824829743 1.922527930000851E-4 0.23693000089224595 0.12835966325052128 0.7396839052245727 0.02636598521388242
1240.0016644770399 0.1172 0.1953 0.3203 165.1946 2623.5688 0.1570551714497524 0.04047792818697231 28.082035431936884 156.9030959289258 40.026298613942814 45.52261629386329 0.05823438218945736 0.007319226021741206 0.18180490049391565 2.1117369009665752E-4 0.24392577944671373 0.1361933688374507 0.7615243846141306 0.028395887799725045
1250.0016644770399 0.125 0.2188 0.3281 140.7419 2629.263 0.163143043838452 0.041319806461031894 27.521464113046523 180.5853039057612 40.55840938689745 44.63482038739957 0.05908705508723986 0.007259389482963587 0.18007483455158815 1.6816050742680537E-4 0.24808799459766678 0.1373814097744688 0.7560776978214605 0.03209981115801195
1260.0016644770399 0.125 0.2109 0.3281 122.2995 2542.4637 0.1619405978835949 0.040676062817756896 27.204664425173167 191.18194449728261 40.49098024918097 45.566230736856085 0.0596236101140136 0.007403291916221042 0.18171004987127956 2.0673377976296087E-4 0.23841859690551442 0.12696545589326602 0.7266090572358535 0.02990783592424074
1270.0016644770399 0.1094 0.1953 0.3359 106.3424 2566.4068 0.16065417136637383 0.03651918221563294 26.906681197854404 200.93352151501256 39.77368576651804 45.188600417465814 0.06153382255738803 0.007630794021317822 0.1831704485429225 2.6335050103781045E-4 0.24691353644461342 0.13338469423401528 0.7349984340676864 0.03604680579959421
1280.0016644770399 0.0938 0.1953 0.3438 117.6167 2556.6985 0.16003847945835123 0.03574364976532765 26.39644163141905 216.13387244330016 39.446340495780525 44.90815216023321 0.05909752188383403 0.007561473922703225 0.18449958051538426 2.926368109638849E-4 0.24121969514122268 0.13362899109692045 0.7530761214165 0.029168523205688756
1290.0016644770399 0.0938 0.1641 0.3047 110.7844 2496.7852 0.1540935587957774 0.03314816716853417 25.7575110427002 228.08809629187115 39.24092929733658 44.07102832351416 0.05644656649543775 0.007430117150646468 0.18526052593374442 3.4008802840271204E-4 0.23090347527201663 0.13116977631483703 0.7578370470466188 0.02854473929136841
1300.0016644770399 0.1172 0.1875 0.2891 130.4906 2622.097 0.153469270273798 0.033560065137396414 25.548686037586478 232.66304209874355 39.367663386470376 44.5778744697839 0.053462763165839824 0.007170703695644802 0.18495226176290533 3.018334248271893E-4 0.21577053245755107 0.12372637402442276 0.7464494095828793 0.02935074789706521
1310.0016644770399 0.0859 0.1953 0.2969 132.5749 2626.8051 0.15584369560304634 0.03663050996154992 25.531667339001867 233.9187202640903 39.36903863949755 46.890453490527776 0.0539804725264745 0.007021923056935147 0.18182896008917726 2.2743355718249594E-4 0.22498644063172143 0.1291746949805312 0.7578490631805354 0.028639664027860515
1320.0016644770399 0.0938 0.2031 0.2891 134.2953 2602.9546 0.1478480929410693 0.033622473690359485 25.31547147075672 229.76357990678977 39.02424147689876 44.84767148829009 0.050734062049952004 0.006660302366846531 0.18038777617760712 1.1121070462664E-4 0.20428111092445694 0.11617589500215893 0.7263328388425137 0.03153541077328997
1330.0016644770399 0.0938 0.1797 0.2734 118.1633 2616.3134 0.14713698900657968 0.033310538478108546 25.274198339407455 229.47718876438904 38.86518429874412 45.576723810501925 0.04817500620386595 0.006492400294514783 0.18136472923808356 9.798859151232019E-5 0.2011109943998196 0.12017941791876253 0.7571237436228503 0.028781534336197522
1340.0016644770399 0.0859 0.1562 0.3047 123.0965 2568.6679 0.14789081396176626 0.033520403001078156 25.362651860103202 230.81918913532368 38.95526326903147 47.82716052477085 0.05160952582403197 0.006629231965973257 0.17854106231016467 9.44521993740891E-5 0.22060721399638247 0.12820718442045426 0.7631817132847826 0.026701216421949073
1350.0016644770399 0.0781 0.125 0.2812 105.6946 2593.1826 0.139926895820176 0.030799688498931797 25.207451985330408 227.3115174527992 38.439941579733485 46.778982310428816 0.04790219608754477 0.006187151075887948 0.17518517426302085 1.5691210894768775E-4 0.20195265897398082 0.11680325919312709 0.7385697242477013 0.02830867029774504
1360.0016644770399 0.0781 0.1406 0.2812 127.5043 2520.1846 0.138846323368654 0.030851500146387704 25.179257213409837 226.90489698155739 38.26430006572242 45.8758278817174 0.04827519723201484 0.006033539004715578 0.17164514571383052 1.1225009655983973E-4 0.20166108026213025 0.11378992947038029 0.717017174265352 0.032818026093829326
1370.0016644770399 0.0625 0.1641 0.2734 134.7425 2636.4604 0.14083201969037182 0.02987282991820541 25.24897173118783 227.5588224270633 38.11452566893369 46.03617384428545 0.04722511772195129 0.006010689206160839 0.1727090019545647 1.420780861922669E-4 0.19893523763941412 0.11237269298269519 0.7275345833670003 0.02385974535684432
1380.0016644770399 0.0703 0.1562 0.2656 127.5449 2569.4887 0.13624882168334138 0.027398940861386292 25.182374700764992 225.58064433707744 37.768804449326744 44.705853388519074 0.04559482083973527 0.005820357705050372 0.17165109022017985 1.0617461276269194E-4 0.191336970478876 0.10959693071423468 0.7203274182734155 0.02918894545360815
1390.0016644770399 0.0625 0.1562 0.2578 117.2526 2579.1728 0.13616049260852497 0.027783776247283887 25.184713253171658 225.6236191398506 37.98452950857746 45.243734116790826 0.044007365945950255 0.005636731132735307 0.17069523760853433 6.997856636761288E-5 0.18872061040840207 0.11174837092000954 0.7320072161295594 0.03338382765516563
1400.0016644770399 0.0625 0.1328 0.25 123.7941 2512.3527 0.1330567515813078 0.028192294640172803 25.09662543339772 224.2149711394664 38.23369119825262 45.71524267063849 0.042364413351707174 0.005440119701921327 0.16945765340682867 5.5280354465670025E-5 0.1839450184481729 0.10899267639522234 0.7357800737926915 0.027391428852391507
1410.0016644770399 0.0625 0.1406 0.25 137.6952 2637.9549 0.13261502464975938 0.025329239485921 25.152607800870936 224.00446690668383 37.920841243775115 44.03215336788092 0.042109435514442094 0.00537224285733647 0.16843774205776835 4.400942236353322E-5 0.1848659759782054 0.1092396203026588 0.7394639039128216 0.024195710125093882
1420.0016644770399 0.0703 0.1641 0.2969 187.702 2521.0165 0.14684262504427084 0.02870801898099829 25.48563425591802 230.08952715158466 38.583240724521346 43.59729815317165 0.049943068846130305 0.005969143717123483 0.16822928453433364 5.1660689882995894E-5 0.22553748953454514 0.1300621606381111 0.7597052279058363 0.02965171651639092
1430.0016644770399 0.0859 0.1641 0.2734 141.6004 2541.7587 0.14138349061859332 0.02712075802040898 25.34665032365364 227.65317045786867 38.02820444555652 43.86991750131437 0.045222515793608295 0.005711741862839644 0.17024947122299597 5.075554134870304E-5 0.19385035280021146 0.11081475857882858 0.7297895634831492 0.023493869409269556
1440.0016644770399 0.0938 0.1797 0.2891 153.5366 2483.2143 0.14541679104175584 0.028407908694485742 25.431059126230263 229.26076191469664 38.522825682756746 43.73039986379091 0.04949073226772774 0.006089822464410322 0.1712111818991662 6.47521500094276E-5 0.2122080551065462 0.11940103794303514 0.7341251636118354 0.027424721107076885
1450.0016644770399 0.0938 0.1719 0.2891 157.5206 2559.4465 0.1503339980973928 0.03273114673097416 25.510228037332134 231.70608408580583 39.00770562545134 44.643493836866696 0.04989691990895521 0.006199841415158801 0.17261637157692614 9.984889939635444E-5 0.21149097227182498 0.1192527548910723 0.7316444446160433 0.029558503633213266
1460.0016644770399 0.0859 0.1797 0.3203 145.0171 2488.8167 0.15777463373064465 0.03632009891378456 25.641550552347258 234.94948490542546 39.30142163391006 45.176937005479736 0.05484551319078789 0.006732195233287676 0.17550564221052126 2.032681362827638E-4 0.23349150288564516 0.12927506559417312 0.7471728092340645 0.02732269594474518
1470.0016644770399 0.0781 0.2031 0.3281 139.7865 2591.8888 0.16019618040122663 0.03942064755512565 25.672039099300157 236.34964973947936 39.39473160138419 45.39618332291767 0.055658504776782546 0.006964022790910863 0.17810721528570414 3.095112995616631E-4 0.2321753942708363 0.128123949042326 0.7429612616666761 0.027999411002527508
1480.0016644770399 0.0703 0.2188 0.3281 125.3982 2644.4116 0.16252292399054208 0.040704142593333846 25.737597630165006 237.87959684636232 39.41078542159474 46.239295710650794 0.057936193016928754 0.007019467608715268 0.17656744538492572 2.859235371392146E-4 0.24167211381636727 0.12912194571773689 0.7365245373451194 0.026602612434642268
1490.0016644770399 0.0781 0.1797 0.3516 128.3457 2568.3675 0.1659873959079375 0.04066926026558337 25.85201309133586 239.54076262237197 39.32609611185035 46.7065308590243 0.06031201161798863 0.00707728524854382 0.17545312470687602 2.3100072845233E-4 0.25885018678387806 0.13698757149280452 0.7530187251894636 0.02381912594311515
1500.0016644770399 0.0781 0.1953 0.3125 130.2821 2589.1382 0.15790351882824333 0.0381483323130362 25.655140417053307 235.8997629115267 38.958223705190605 46.96164327441883 0.053503023114534295 0.006630442179652102 0.17559966560667664 1.552921756949952E-4 0.22820960802132365 0.12753244926459625 0.7489956365828058 0.02589550000410616
1510.0016644770399 0.0859 0.1797 0.3125 141.9218 2528.8076 0.15779407435723328 0.03599887067781294 25.62277615837768 234.65330330023681 38.77826323307423 44.322713542229444 0.05512059028590873 0.0067945566157641924 0.17638588891490795 1.8792796086514E-4 0.22908120929398917 0.1252190191772239 0.7330598697407653 0.028844979188149635
1520.0016644770399 0.0938 0.1641 0.3047 107.0973 2521.1859 0.15512590177694802 0.03430184149984718 25.55940116348157 233.4222649436531 38.829406766353145 44.63330057286078 0.05387794356350343 0.0067226981100787985 0.176830173746883 1.5415145184610222E-4 0.2271471832562335 0.12700044578806466 0.7455087040204587 0.02783627942849334
1530.0016644770399 0.0938 0.1797 0.2969 116.2559 2587.381 0.15426085577115234 0.033830818226302316 25.531169492950568 232.82537910501514 39.19808876809119 44.28135625167634 0.05275924263075244 0.006696960735594711 0.17771534359832403 1.8006998731061357E-4 0.22089823715564166 0.12563846003286377 0.7440782725242667 0.03143736055663153
1540.0016644770399 0.1016 0.1875 0.25 150.7693 2535.8009 0.15478045500257243 0.03818460152548868 25.426004464276456 233.07362080437667 39.59236896199557 45.26535177196266 0.0455656087858151 0.006346677804006174 0.18226243514326038 2.8250950852762416E-4 0.1909811623926185 0.118250874574407 0.763924649570474 0.03264258663344496
1550.0016644770399 0.0938 0.2031 0.2656 127.0074 2501.033 0.15377767382870042 0.03612433699925751 25.379753503630308 232.15585694015002 39.03672412002769 44.65285508286514 0.048309944400574865 0.0065656261262815735 0.18187273186098774 2.4017972740518953E-4 0.19533993310647746 0.11551129203244227 0.7353973952243856 0.035351550214487215
1560.0016644770399 0.1016 0.1797 0.2812 129.0899 2552.8779 0.1569545075277735 0.03693915442772803 25.418552591855303 233.22260732116143 39.481020621755476 44.17030186910134 0.051670566921853525 0.006944486502970358 0.1837175712777014 2.460859493185533E-4 0.20555632488208614 0.11827652134136928 0.730866932914084 0.03427316300711562
1570.0016644770399 0.0938 0.1875 0.2969 156.0103 2592.9633 0.15775529631307667 0.03573620074393991 25.5207777739585 233.85268297042737 39.25696225376906 44.39138865367126 0.05452831015406211 0.007180370286056454 0.1836743078873671 2.8423134664362724E-4 0.2224566342586664 0.12778208916273132 0.7493276101344551 0.03313417551304842
1580.0016644770399 0.1016 0.1641 0.2891 124.6203 2599.0054 0.15651821562063012 0.03505141144554979 25.510160759933523 233.2859196932144 39.23788670018115 44.62102533251052 0.05265096623094221 0.006965599766987762 0.18214388317731361 3.315691431771525E-4 0.21681724233693664 0.1259968222078485 0.7500704599764294 0.03340081748784536
1590.0016644770399 0.0938 0.1875 0.2891 109.3901 2583.5625 0.1532072476410115 0.03240523027918581 25.480014897017693 231.84305778681983 39.310561549490075 44.74086174292576 0.051074495866208144 0.006788628138096484 0.18159820752429567 2.5292510809401544E-4 0.2115132669418937 0.12304970178204155 0.7520471713489555 0.02837315281508418
1600.0016644770399 0.1172 0.2109 0.2969 148.4645 2490.9422 0.15312943838752016 0.03292814128755417 25.46830555853974 231.7848309624222 39.04291653315855 44.39883171181947 0.05352244560753743 0.006892918837144909 0.18028613257275766 1.8807478701943144E-4 0.21596678749541945 0.12067000468422077 0.7274670736687813 0.032035274948415536
1610.0016644770399 0.0938 0.2031 0.2969 129.5666 2595.1571 0.15263511057327206 0.030634911607135266 25.511448058726767 231.70218904853627 38.95242197592857 44.037974485596095 0.05260872686689424 0.006637389088107829 0.17720834313059108 1.055387887405586E-4 0.2235340670096079 0.12714109203506416 0.7529568572955214 0.026996835540255157
1620.0016644770399 0.0938 0.2031 0.2969 123.6493 2536.7966 0.15414214502677487 0.033574097779081456 25.460416123279384 232.3014540761617 39.09295789369966 45.043717935176204 0.052626853651182214 0.006649797362550342 0.17726940177240327 1.3249965654311472E-4 0.22038071743996696 0.12408263442499676 0.7423350482188362 0.027968238549124513
1630.0016644770399 0.0938 0.1875 0.2969 123.7466 2561.4047 0.15022142054884377 0.032054192599341905 25.758965076955494 221.3731395944004 38.80095551086787 44.47784135649785 0.05274114338065522 0.006675463851168108 0.17765437770325967 1.2192860810720197E-4 0.2179174783587482 0.12213857996117859 0.7340378218399938 0.03014133111056513
1640.0016644770399 0.0859 0.1875 0.2969 134.6636 2559.4578 0.1359854706604028 0.033811975941760455 30.133445888827914 62.47482177868803 38.76729976876204 44.86094926908136 0.052499855253727704 0.006619183756673915 0.17684161769676698 1.3681073581648555E-4 0.2157965844098536 0.1191225705787197 0.7268937580121384 0.02732592823756238
1650.0016644770399 0.0938 0.1875 0.3047 142.1109 2629.654 0.13703971849256935 0.034412912896606786 30.533541383482916 49.37579697577137 39.149479615261285 44.47523385302802 0.05406461286272708 0.006765786843544008 0.17744283195971966 1.4327067842420622E-4 0.2248533539832087 0.12484977890719218 0.7379802387141208 0.028618404913781564
1660.0016644770399 0.0938 0.1953 0.3281 176.4005 2650.2253 0.1406558798206414 0.0340489335300597 30.694770361656005 48.88299643345271 38.8314480874684 43.74259542114316 0.05508879459861621 0.006772636294619911 0.17628414271557186 1.4184840154404807E-4 0.22710463377614284 0.12318809171763176 0.7267348280836571 0.028742079833851707
1670.0016644770399 0.1016 0.2031 0.3359 163.6085 2608.7359 0.14818765255222363 0.0388817800875061 30.806496576319542 50.30311522295856 39.44648526182676 44.68057561911536 0.0589550167561947 0.0069653539293481675 0.17549400336727725 1.2306039883827375E-4 0.25085793666460043 0.13477983422473638 0.7467399044899734 0.028437148928002337
1680.0016644770399 0.0938 0.1953 0.3125 125.3562 2559.6787 0.13955356366343677 0.036970823088388824 30.620915985851024 48.45087653815148 39.351114430142054 44.61007008333628 0.055185728994979644 0.006781609420135588 0.17659433278393485 9.388567034956215E-5 0.2282609320538199 0.12424087390149845 0.7304349825722236 0.0283684931267946
1690.0016644770399 0.1016 0.1953 0.3047 132.5725 2562.7147 0.13978256352690552 0.03675913964360438 30.6070108474561 47.94917419289054 39.60177318852695 43.82832243303625 0.05350789020528738 0.006606431929349601 0.17561563964812268 7.104380463020778E-5 0.2216070382829482 0.12184117560106345 0.7273256641081377 0.02970436898707265
1700.0016644770399 0.125 0.2031 0.2734 153.4059 2578.5582 0.14172067193195304 0.03892521922065056 30.585745012992366 48.31852689849233 39.87840613415341 43.93058120287023 0.04877792437714292 0.006395064619254544 0.17838783772212266 8.659058916576154E-5 0.20161312284817184 0.11678281452473314 0.737327992130457 0.029603015657627373
1710.0016644770399 0.125 0.1953 0.2734 134.3421 2524.9227 0.1428631227026834 0.03740159073626001 30.687371958912973 47.548990856574655 39.709336360907216 43.54149880310787 0.04842261935278789 0.006295815953984383 0.17708843649019573 6.134213603298911E-5 0.20688193692866255 0.1207936268542617 0.7565967979105374 0.023054499561646062
1720.0016644770399 0.1094 0.1875 0.2812 112.3437 2590.7858 0.13527128116652964 0.034296062155228166 30.527988774737985 45.86030689729649 39.15617702274512 43.289089440157255 0.04558469765395293 0.006045014535567055 0.17681337271836287 6.307353267192398E-5 0.18882903000509482 0.11056053639667568 0.7324277527470344 0.02819825071483118
1730.0016644770399 0.1172 0.1797 0.2734 143.8991 2633.0454 0.13558906063653745 0.034127429530225524 30.640493774552528 45.14320804295159 39.633639880885696 43.301452916741496 0.04831167131219304 0.006270934617160314 0.17668268365602027 7.576390059400684E-5 0.20188551093379464 0.1158135290014909 0.7383241542721634 0.024882997500870484
1740.0016644770399 0.1016 0.1953 0.2812 118.1729 2604.8262 0.1341284253646685 0.03300814680574972 30.653698706338513 44.500553085509246 39.335997731830375 43.58139517443448 0.049805519662729045 0.006409366063948484 0.1770862921341477 7.317165919566215E-5 0.2039601712199837 0.1146064845431359 0.7251917198932752 0.02706521771878651
1750.0016644770399 0.0859 0.1719 0.3047 115.9385 2563.8708 0.13346354888487053 0.03322721541580909 30.663730345065012 44.279854538326575 38.616332132360256 44.40934292284968 0.05117681501351184 0.006512965595565901 0.1770441168035004 7.322820229127218E-5 0.20935902735333645 0.11709197809685269 0.7242690676007315 0.02978180201709898
1760.0016644770399 0.0859 0.1797 0.2812 134.982 2527.4884 0.13168660702031187 0.031384068821795265 30.693039677969775 43.31620857070758 38.64255189468166 44.27076930047164 0.04849309297384063 0.006314550746344368 0.17734616859004573 6.299912589782881E-5 0.19512478112535706 0.10947107800714458 0.713599199544163 0.028041892883379528
1770.0016644770399 0.0859 0.1797 0.2812 133.8727 2580.4142 0.1329055831397337 0.03264551661098343 30.724163943718246 43.180699150172025 38.915735682626796 43.9013318050535 0.04921519657903749 0.00625737709615394 0.17498736561435552 6.798377817650807E-5 0.20551021419891347 0.11671575424272383 0.7307029838183591 0.028786958015961817
1780.0016644770399 0.1094 0.1719 0.2812 142.2236 2500.3741 0.13695560897170433 0.03819494104578785 30.75302810275933 44.51903674588071 39.1594971154617 44.41145424232332 0.04643628800763471 0.006034732299156458 0.17481896661697774 1.0073566632428308E-4 0.19394487112272313 0.11202626998273067 0.7301453971678988 0.02776328854777185
1790.0016644770399 0.1172 0.1875 0.2578 156.6145 2514.5786 0.14246105866852468 0.04023476082313048 30.862463183106957 45.38233799627792 39.39007041037897 44.18846090887246 0.043464087555424774 0.005731182686676941 0.17385635022169912 7.85635132299898E-5 0.18854459133150656 0.11514932886773434 0.7541783653260263 0.03139111628329517
1800.0016644770399 0.1094 0.1875 0.2578 134.0524 2591.1976 0.1415624602699837 0.03884228775263994 30.880108436625036 44.80471725977276 39.26765529520835 44.31036750472367 0.04458782281376688 0.005784585951995075 0.17294670667158063 6.460281688015781E-5 0.18873484574338653 0.11122165473149444 0.7320624319743478 0.031231549513910797
#####################################################################
# End of data export. Simulation finished at: 2024-04-29T06:27+0000 #
#####################################################################
