#####################################################################
# Alchemist log file - simulation started at: 2024-04-28T14:51+0000 #
#####################################################################
#
# Algorithm = bc_re_c, CamHerdRatio = 2.0, NumberOfHerds = 8.0, Seed = 9.0
#
# The columns have the following meaning: 
# time 3-coverage 2-coverage 1-coverage CamDist ObjDist NoisePerceivedNormalized[mean] NoisePerceivedNormalized[variance] NoisePerceived[mean] NoisePerceived[variance] NoisePerceived[percentile90] NoisePerceived[max] BodyCoverage[mean] BodyCoverage[variance] BodyCoverageOnlyCovered[mean] BodyCoverageOnlyCovered[variance] FovDistance[mean] FovDistance[variance] FovDistanceOnlyCovered[mean] FovDistanceOnlyCovered[variance] 
0.0 0.0 0.0 0.0 0.0 0.0 NaN NaN NaN NaN NaN NaN NaN NaN NaN NaN NaN NaN NaN NaN
0.007825810686061807 0.0 0.0 0.0 0.0 1.0 9.812227193639416E-4 0.0 24.87904912887352 0.0 24.87904912887352 24.87904912887352 0.0 0.0 NaN NaN 0.0 0.0 NaN NaN
10.007825810686061 0.0667 0.1259 0.1333 1512.5269 2648.5691 0.09778538120066271 0.03405914536529282 29.17973721347784 31.05146330606875 39.896877946961965 42.05293414330366 0.050364308444545036 0.01665443951361021 0.3777323133340878 3.447274382887551E-4 0.10747269598872564 0.0768800733792807 0.8060452199154423 0.009792414509794505
20.00782581068606 0.1333 0.1333 0.1333 1518.0239 2655.0078 0.12969637603070944 0.06810134507288194 29.336913724660192 47.601318069733715 43.814020972704824 45.297745736608405 0.07163726550719204 0.03370187850229091 0.5372794913039404 7.536112708340042E-4 0.1164181164446125 0.08912952115942134 0.8731358733345937 0.0029671931661015226
30.00782581068606 0.1333 0.1333 0.1333 1375.897 2718.7063 0.14348459031075095 0.08813348943849937 29.45654317111658 63.35739602565772 46.23609813345822 49.006846721777045 0.09469018578856771 0.05905507653547962 0.7101763934142578 0.0026771943207828143 0.111334183229292 0.08248996375420936 0.83500637421969 0.010398769485816181
40.00782581068606 0.1333 0.1333 0.1333 1385.8074 2699.1563 0.14531471848545757 0.09618083726665795 29.430086079790726 73.26897777828279 48.67081828737573 49.87328245252282 0.10372256525617451 0.07083417325396066 0.7779192394213089 0.00301818025095374 0.11502208870799543 0.08737723911438372 0.8626656653099658 0.0058325917467233705
50.00782581068606 0.1333 0.1333 0.1333 1201.1273 2774.5285 0.1405115039492455 0.09647883330912958 29.290625562646706 73.76118420859669 48.43809418821384 50.39788638979744 0.11895545745178082 0.09283868416637749 0.8921659308883562 0.0013768779872665796 0.11124248087012707 0.08280710017915906 0.834318606525953 0.013952108456407316
60.00782581068606 0.1333 0.1333 0.1333 1089.1805 2741.3731 0.13676964002444775 0.09407525424346143 29.146120840683956 69.92625166424776 48.21818606510415 49.212799976523016 0.12036752790353317 0.09512765266319534 0.9027564592764988 0.0019756206192516113 0.10755384060805051 0.07874229530977946 0.8066538045603788 0.023570467593377054
70.00782581068606 0.1333 0.1333 0.1333 1056.2465 2650.89 0.13533351475402047 0.09350171887074597 29.12129672028734 68.97722273216885 47.99632715337732 49.35985426871067 0.12033211751691261 0.09499756057311179 0.9024908813768445 0.0013901398641575939 0.10461648869622939 0.07444519158910787 0.7846236652217203 0.021868273819728192
80.00782581068606 0.1333 0.1333 0.1333 897.3175 2726.347 0.1338292035437998 0.09173569211677321 29.061634786173183 67.10842795441135 47.53961160595335 49.62712550749295 0.12299968626771032 0.09922948407179494 0.9224976470078273 0.0012424170208750773 0.1026758309943738 0.07248386263735904 0.7700687324578036 0.027173311243710363
90.00782581068606 0.1333 0.1333 0.1333 1007.3716 2737.8782 0.1346254155950343 0.09259754638440051 29.091107413490725 68.13952719680113 47.65869937561542 49.62102001175198 0.12125720297478944 0.09659434260444862 0.9094290223109209 0.002440471864843031 0.10055217687082199 0.07077261855654343 0.7541413265311648 0.035962135094983035
100.00782581068606 0.1333 0.1333 0.1333 829.2428 2682.2628 0.13480987488827786 0.09167127425567195 29.069715606553984 67.51080734175582 47.44582021816486 49.52730677774872 0.12239013766040292 0.09842939601781879 0.917926032453022 0.0026566547017960046 0.10152456993232663 0.07214255511070627 0.7614342744924496 0.036617692743168034
110.00782581068606 0.1333 0.1333 0.1333 841.0164 2705.5229 0.13687022745287897 0.09191281219802343 29.121702661165475 68.33746945743438 47.52471406100446 49.850361054824155 0.12100520738908344 0.09683154307099195 0.9075390554181257 0.007461378388765257 0.09892740906401028 0.0693286601797509 0.7419555679800771 0.04131003837194279
120.00782581068606 0.1333 0.1333 0.1333 907.6363 2783.8464 0.14102582149900578 0.09301848258147638 29.226459746301778 70.47602670496393 47.693655640842984 49.81759843399428 0.12206151496112522 0.09772581294231973 0.9154613622084393 0.0012573320826453104 0.09820545823198538 0.06759112440892012 0.7365409367398902 0.03496040397023224
130.00782581068606 0.1333 0.1333 0.1333 978.9178 2730.0284 0.14419226738408913 0.09247908116314753 29.248086168922676 70.8529834420387 47.62166836537183 49.63149845814472 0.12146322006308553 0.09722419381295669 0.9109741504731415 0.004824063928477062 0.09496592632575225 0.06399299774395359 0.712244447443142 0.03890024189634305
140.00782581068606 0.1333 0.1333 0.1333 719.2389 2731.5658 0.14819845500929293 0.09275642573916941 29.29259963780887 71.91661150419934 47.54543379651932 49.32863225178921 0.12282914971007225 0.09914695275429031 0.921218622825542 0.002755832520099816 0.09538576293764782 0.0640181030055499 0.7153932220323586 0.03497302314812799
150.00782581068606 0.1333 0.1333 0.1333 858.0728 2684.4854 0.15637645542400117 0.09558134587332835 29.44210666415387 75.89090281041253 47.77434931233957 50.640347771785166 0.11671127042645005 0.09152748235273708 0.8753345281983754 0.018341074686408575 0.0946322026688668 0.06426215994525111 0.7097415200165009 0.044287896411322525
160.00782581068606 0.1259 0.1333 0.1333 1002.0675 2760.7196 0.16172884436969895 0.09596928595498962 29.453571962608024 76.36493642500261 47.55093280780438 50.0129463622429 0.11932276368862314 0.09496361676662021 0.8949207276646736 0.013608714669810184 0.09594389550185184 0.0661106470263994 0.7195792162638889 0.045955083839166425
170.00782581068606 0.1333 0.1333 0.1333 1087.3812 2723.5587 0.1715504448712101 0.10003731708831971 29.58886933555361 79.70104137575092 47.77675613238609 50.06881163594507 0.12151180729783463 0.09697918245025074 0.9113385547337597 0.002283426550812141 0.09785193577840966 0.06786808749742537 0.7338895183380725 0.0407211795695158
180.00782581068606 0.1333 0.1333 0.1333 865.9926 2828.4898 0.17588541524505188 0.10131708738315928 29.60611764611182 80.41864145595949 47.492285338403455 50.505190740530914 0.12000219460966882 0.09524278683379107 0.9000164595725161 0.007415955688554001 0.09640236788946094 0.0668938094352553 0.7230177591709569 0.04757632088996261
190.00782581068606 0.1259 0.1333 0.1333 1085.7407 2792.4082 0.18587223596136124 0.1069722413352833 29.72623394317069 84.08181661840582 47.67974302194441 50.69312574390891 0.11934428903006553 0.09554487173213229 0.8950821677254915 0.017925191483246186 0.0985222609704205 0.06925157307754122 0.7389169572781538 0.044831634367090846
200.00782581068606 0.1333 0.1333 0.1333 828.1758 2777.0821 0.19192805022720058 0.1104920319933916 29.75902815063594 85.82984678516755 47.54148084481762 50.16052853687662 0.12116943948150367 0.09695269850167584 0.9087707961112776 0.006363387372639146 0.09797411899354963 0.06825325014615737 0.7348058924516221 0.042522129771278526
210.00782581068606 0.1333 0.1333 0.1333 884.5919 2753.1987 0.1961323888933208 0.11345734133271579 29.802458413491436 88.05901057826871 47.54601996994942 50.139240799377134 0.1190288130192643 0.09430938776588721 0.8927160976444821 0.01206836924287219 0.09654050264575154 0.06704278539944758 0.7240537698431365 0.04737488248180436
220.00782581068606 0.1333 0.1333 0.1333 757.7259 2785.5989 0.1977015129135131 0.11435228921150846 29.806080041133683 89.30672181908841 47.66095636220193 50.07461508695951 0.1206261396940028 0.09690870029038653 0.9046960477050211 0.012797458510331573 0.0975440448223127 0.06802107654760108 0.7315803361673453 0.04503244473044877
230.00782581068606 0.1333 0.1333 0.1333 956.6004 2797.0831 0.19484165087016575 0.11255784980984969 29.77314153808992 90.84394556768511 47.990253997413554 50.82163708489976 0.11732461253804788 0.09207443426719135 0.879934594035359 0.015242935954880403 0.09535806967874993 0.06532699431537606 0.7151855225906245 0.045562827257534085
240.00782581068606 0.1333 0.1333 0.1333 786.9826 2721.3648 0.1862839501255907 0.10541813491323913 29.553167827167087 87.0207449881274 47.506856257916674 50.112097215924614 0.12063252233590532 0.09654416027557626 0.9047439175192901 0.009844541107768948 0.09384721737876728 0.06256980471110844 0.7038541303407546 0.03858517042610366
250.00782581068606 0.1259 0.1333 0.1333 687.0689 2737.5236 0.17987194501310869 0.10159061295877478 29.43626949861097 86.4807661961614 47.52157910307137 50.51598389677114 0.11963972956496499 0.09562547331500462 0.8972979717372374 0.014916028406113849 0.0947410621789763 0.0639656848744079 0.7105579663423223 0.040886873297828356
260.0078258106861 0.1333 0.1333 0.1333 1198.4929 2768.8231 0.17449979238575525 0.09919981685979466 29.362806879838928 86.68910232014495 47.75602126852496 49.96817968128277 0.11506096793651217 0.0908554620563161 0.8629572595238412 0.03278742941258435 0.09742789930839972 0.0684706026651199 0.7307092448129978 0.049744655883836766
270.0078258106861 0.1333 0.1333 0.1333 880.6587 2763.2203 0.16701358441941166 0.09530917595421966 29.199088768020612 84.8663949132154 47.47126585966317 49.81945602014712 0.12106502009203723 0.09665323222689665 0.9079876506902793 0.005308503942925763 0.09569675021504703 0.06640379597193025 0.7177256266128527 0.05071055816049298
280.0078258106861 0.1333 0.1333 0.1333 888.1799 2690.7261 0.16120120551572192 0.09317494561809438 29.0799932842412 84.15262938518032 47.53463091758722 49.96913241402426 0.1212773858422458 0.0975754497789614 0.9095803938168434 0.00992123426183274 0.09952024747382185 0.07004982554287306 0.7464018560536639 0.040921836676908935
290.0078258106861 0.1333 0.1333 0.1333 1031.758 2748.448 0.15632043937185713 0.09308343012712525 29.007742922095368 85.4320719599867 47.86105250110639 50.42279572065845 0.11872601011517397 0.09477415916149493 0.8904450758638047 0.019447962988872018 0.10105899164836077 0.07176408676430324 0.7579424373627058 0.03850297106315606
300.0078258106861 0.1333 0.1333 0.1333 1029.5833 2688.293 0.15287042233765655 0.09206792987593834 28.602441488863246 96.26023121563023 47.830121090938995 50.58917966252703 0.1216397643811155 0.09739169330236391 0.9122982328583662 0.003929004586082694 0.1052216831697594 0.07611735442683597 0.7891626237731956 0.02849377669004416
310.0078258106861 0.1333 0.1333 0.1333 1087.1237 2714.9745 0.15056604471844723 0.09055074660394642 28.189849133352325 106.0323062214434 47.67081168880728 50.031859153602916 0.1241167795515808 0.1009784086458146 0.930875846636856 7.788956264580746E-4 0.09827617562237759 0.0671774641149036 0.7370713171678318 0.030982577445254397
320.0078258106861 0.1333 0.1333 0.1333 1055.5317 2755.7258 0.15009559053342036 0.09013334598788529 27.659627650955485 122.13286844219218 47.70824624786786 49.23887300570903 0.12046043763293714 0.0951120018399213 0.9034532822470285 6.972969755132041E-4 0.10427445660297968 0.07430787091746098 0.7820584245223475 0.024473810872018335
330.0078258106861 0.1333 0.1333 0.1333 1015.3432 2726.4234 0.1517197345288896 0.08869786838876836 26.36844671593062 162.0388485899963 47.519567974249746 49.516865325325774 0.12182540299437905 0.09744487305143201 0.9136905224578429 0.002015247291474029 0.10462161896190904 0.07577341321462684 0.7846621422143178 0.0322823766435271
340.0078258106861 0.1333 0.1333 0.1333 1029.6239 2744.606 0.1516055518216945 0.08898775800444605 26.14711944773269 167.17074175227665 47.579693793564815 48.820042019525836 0.12305871799059875 0.09926598051344285 0.9229403849294906 7.803355478903786E-4 0.10391566549445337 0.07396744565474646 0.7793674912084003 0.025646130037495867
350.0078258106861 0.1333 0.1333 0.1333 1008.0291 2783.1865 0.15248587673971978 0.08848758786915607 25.622971972126653 181.147938405683 47.46820626369654 49.06492223237492 0.12352004543718777 0.10005172000492484 0.9264003407789083 0.0011021208760916043 0.10305301486377134 0.07360009548347447 0.7728976114782852 0.03196644686209897
360.0078258106861 0.1333 0.1333 0.1333 1057.5794 2822.9335 0.15886393722499598 0.08688428517645393 23.627466943995454 237.77990621048875 47.46680033118045 49.560240356630004 0.12427384850614487 0.10126186146390016 0.9320538637960866 9.993363467084978E-4 0.10731047915889085 0.07923033449286303 0.8048285936916812 0.030116435561968923
370.0078258106861 0.1333 0.1333 0.1333 1016.8801 2895.2406 0.160128086858313 0.08789146984875706 23.58417164635342 238.81466768198794 47.653313450027014 49.34896550961242 0.12290306161868858 0.09898583024280884 0.9217729621401644 5.483006062935861E-4 0.10827389607810127 0.07939077392869955 0.8120542205857595 0.020660212622109077
380.0078258106861 0.1333 0.1333 0.1333 885.3817 2729.8736 0.16160622215211323 0.08904374975720308 23.56031543388166 240.30023936118465 47.90758133969412 49.335235955612404 0.12360480594648242 0.10009058550282175 0.927036044598618 3.272671065491027E-4 0.11153293385910806 0.08374509693232936 0.8364970039433105 0.018005769545673483
390.0078258106861 0.1333 0.1333 0.1333 966.6833 2769.0837 0.1621702582567973 0.08901188362250824 23.49206956789936 240.0249289627388 47.72670277943387 49.045471370008194 0.1229218768099691 0.09903797687338459 0.9219140760747683 7.205945801633641E-4 0.10463564157397574 0.07449357447978071 0.7847673118048182 0.022042772642574333
400.0078258106861 0.1333 0.1333 0.1333 683.5911 2659.5486 0.16052652754066582 0.08763230480497256 23.383933159542142 237.46692719309337 47.46503661947188 48.8351896901576 0.12427100834505668 0.10116580227457739 0.9320325625879251 2.7860119386069547E-4 0.10701395830122765 0.07793754292317462 0.8026046872592074 0.02320658359661074
410.0078258106861 0.1333 0.1333 0.1333 880.5414 2637.9789 0.16124125536768208 0.08795720716329072 23.32329861306991 237.66433349222953 47.50927290428339 48.86216266986189 0.12428790111218498 0.10120589464358444 0.9321592583413872 3.778887541139296E-4 0.1053779305957693 0.07535478229367755 0.7903344794682697 0.020784401890896007
420.0078258106861 0.1333 0.1333 0.1333 858.8079 2785.1693 0.16028414256470827 0.08777198580407926 23.229199945620316 236.75889225129333 47.446162173778056 49.206496728217715 0.12434898632995897 0.10131043411627562 0.9326173974746922 4.179349676739803E-4 0.10117499321091372 0.07047653928060996 0.7588124490818529 0.027143145332280568
430.0078258106861 0.1333 0.1333 0.1333 878.3182 2841.0131 0.16043068291244617 0.08810791022405856 23.156657879512057 236.86796136858095 47.43884219605895 49.44701993027434 0.12290834140609264 0.09937646661133231 0.9218125605456947 0.0035604433031486016 0.10080537653813666 0.07103210311547578 0.756040324036025 0.03537582711795067
440.0078258106861 0.1333 0.1333 0.1333 956.8145 2777.6085 0.16109592238102674 0.08884613638123529 23.08951855245359 237.57566548370121 47.52657858512563 49.82119225313217 0.11941805407502443 0.09621455263374715 0.8956354055626832 0.022294746449537835 0.10302395751715278 0.0738307426334853 0.7726796813786458 0.03409357815568806
450.0078258106861 0.1333 0.1333 0.1333 999.326 2732.2653 0.16052637439043232 0.08961979440059921 23.012896257780813 237.9152835936324 47.65984006081264 49.688191907216144 0.12088034226969643 0.0962231272000324 0.9066025670227233 0.004224641064832267 0.10020426621784545 0.07044050739150258 0.7515319966338408 0.03694956798917531
460.0078258106861 0.1333 0.1333 0.1333 1131.2231 2760.3924 0.16017081520236306 0.0894263358549404 22.76609264746868 240.96552354277839 47.626616232205556 49.108788210580286 0.1237234011281657 0.10035990929486821 0.9279255084612427 9.361268920416797E-4 0.09797487435094937 0.06746352124568393 0.7348115576321202 0.036289567843390685
470.0078258106861 0.1333 0.1333 0.1333 1063.1087 2772.459 0.16242885611171543 0.08875185570847982 21.636581399683955 265.90689109314474 47.709621233721705 49.47383562825917 0.12255128927368047 0.09847308194499088 0.9191346695526036 9.635143859433564E-4 0.10248593564208149 0.07262761403714738 0.7686445173156112 0.03031739615223057
480.0078258106861 0.1333 0.1333 0.1333 1099.462 2792.9857 0.16288580797277843 0.08730652907956041 20.780252591065366 280.18914875375987 47.50474895188296 49.015668410915595 0.12386047201766728 0.10051923597293967 0.9289535401325045 4.4027156872835987E-4 0.10329777948400784 0.07383488540922838 0.7747333461300588 0.03121007212852375
490.0078258106861 0.1333 0.1333 0.1333 770.7034 2767.559 0.16353757841150285 0.08736949019892976 20.118123035737266 292.1162447089456 47.591672293189504 49.30346650930786 0.12421626367803797 0.10109646079111242 0.9316219775852848 4.3420021990264377E-4 0.10112331289986921 0.07081870742847317 0.7584248467490191 0.030379889648325498
500.0078258106861 0.1333 0.1333 0.1333 881.6387 2702.2488 0.16215351878486067 0.08746100822245848 20.037783966009936 290.9038819313102 47.576233950718034 50.077699098282466 0.12268983696769621 0.09924694302624723 0.9201737772577215 0.0053095171773122245 0.10145658437328955 0.07232897505053688 0.7609243827996716 0.03879943305191785
510.0078258106861 0.1333 0.1333 0.1333 878.0479 2735.1534 0.16078163236475843 0.08778248487773452 19.95575977187584 289.803339304222 47.57571431014015 50.43514947973641 0.12067405846454651 0.09685392206214953 0.9050554384840988 0.011768832196797415 0.09924609324775148 0.0695620793226055 0.7443456993581361 0.03989003028488643
520.0078258106861 0.1333 0.1333 0.1333 915.1915 2715.7346 0.1606238829675229 0.08871062373787193 19.592875085982868 295.6090468199942 47.86924896397183 50.25065348756147 0.12163280036675402 0.09712880893449967 0.9122460027506551 0.0019443054402343762 0.10447906401630774 0.07487390425527947 0.783592980122308 0.026730765744405038
530.0078258106861 0.1333 0.1333 0.1333 962.8767 2691.7252 0.160336018499968 0.08653897939913961 18.88466063981502 302.48194176385175 47.49940874971521 49.26085037930092 0.12221378591582116 0.0980724901245088 0.9166033943686588 0.0020699922718284795 0.10018068913496427 0.06988346741140887 0.7513551685122319 0.03280264946047498
540.0078258106861 0.1333 0.1333 0.1333 870.9613 2770.8385 0.1605553340228342 0.08635190887370668 18.204066921006113 310.98331216402414 47.54590436386449 49.24705724384938 0.1244270603522362 0.10143100613022876 0.9332029526417716 3.6575933348682746E-4 0.10248464176469786 0.07360384410656454 0.7686348132352339 0.03802607546187608
550.0078258106861 0.1333 0.1333 0.1333 821.6778 2716.1655 0.16034970759546746 0.085582938703546 17.50352072666994 317.3365382234248 47.461663915421305 49.110442072883416 0.12396639813066884 0.10075806033781363 0.9297479859800163 9.677372528359211E-4 0.09920925216208927 0.06822302033297009 0.7440693912156696 0.029712487358275586
560.0078258106861 0.1333 0.1333 0.1333 895.5431 2773.1352 0.15830210602294179 0.08594803797609178 17.562487060218743 312.9365734278446 47.509953911056215 49.22220095337324 0.1250406932565473 0.10242951426421158 0.9378051994241048 3.346397153517059E-4 0.10209173626685429 0.07151546245400556 0.7656880220014073 0.025713698533438446
570.0078258106861 0.1333 0.1333 0.1333 936.5252 2688.3851 0.15684077005226185 0.08674561453458578 17.638390914499357 309.62542614980117 47.45267358799315 49.71054304920385 0.12230408211397072 0.09881044031826684 0.9172806158547804 0.006747108374711524 0.09602934957865857 0.06579261371239567 0.7202201218399393 0.042601450857180055
580.0078258106861 0.1333 0.1333 0.1333 854.4686 2705.9688 0.15545116961691707 0.08831624285304131 17.87066246211181 304.91759563630535 47.69996598667821 50.01415599251032 0.1210692293966321 0.09638293087458416 0.9080192204747408 0.0031252837100017574 0.09804364008862262 0.06777432192141995 0.7353273006646698 0.03804363573333749
590.0078258106861 0.1333 0.1333 0.1333 1031.4958 2734.0259 0.15309136979532698 0.09130639461388562 18.56689246008784 294.2165215310602 48.056535558402466 50.0884748708303 0.12078363288804479 0.09567791156943123 0.905877246660336 0.0011334240258816463 0.10396312493022797 0.07458333668647724 0.7797234369767098 0.029991550619053675
600.0078258106861 0.1333 0.1333 0.1333 1122.0727 2709.4625 0.1523612979929267 0.0915762919600684 18.490712895915483 292.94394541318127 48.102450713039964 50.29780685417724 0.12094430729250011 0.0962310288759818 0.9070823046937508 0.00348848662121053 0.09975319972314389 0.06978256330292039 0.7481489979235793 0.03641902837200418
610.0078258106861 0.1333 0.1333 0.1333 1133.0833 2724.7703 0.14940017946289252 0.089974126052597 18.635632135674374 282.346446012641 47.82213030859966 49.712771684048825 0.11812215007759294 0.09210823208462156 0.8859161255819471 0.005816702759275243 0.09654413436845673 0.06547329444603348 0.7240810077634255 0.03496740501357763
620.0078258106861 0.1333 0.1333 0.1333 994.4435 2741.4991 0.14792444402997676 0.08978986986415961 18.687277201324573 277.44768160838987 47.7007478327102 49.75279935462144 0.1217778986011745 0.09732797757984907 0.9133342395088087 0.0016911670574855072 0.09743922576125745 0.067084986226942 0.730794193209431 0.03870881001668898
630.0078258106861 0.1259 0.1333 0.1333 1040.4243 2754.3809 0.1467628015708232 0.08979527669226256 18.763402790078256 273.31704635742506 47.66957548839981 50.04865221994273 0.11839038973579825 0.09382695362502215 0.887927923018487 0.016089543572266857 0.09288544559189059 0.062111072989879765 0.6966408419391795 0.04423951548137077
640.0078258106861 0.1333 0.1333 0.1333 758.3316 2748.1668 0.1463294556633202 0.0901194994908277 18.691357966952157 272.3221926873094 47.61020001180408 50.280135471025275 0.12005909864647644 0.09622942569906649 0.9004432398485733 0.014487870819208798 0.08981274589509258 0.058466548111541984 0.6735955942131944 0.044489027298187475
650.0078258106861 0.1259 0.1333 0.1333 883.7145 2722.4889 0.14620415824768876 0.09108315693903928 18.62466504817536 272.0311824720806 47.7696461242611 50.21766047880852 0.11659075977517538 0.09190531001731282 0.8744306983138155 0.02277049543082247 0.09294903649563922 0.06198220665507896 0.6971177737172942 0.042613760060746714
660.0078258106861 0.1259 0.1333 0.1333 1112.1263 2738.0761 0.1455181124831365 0.09068266675060332 18.544410495009387 270.2585291583876 47.636429272472995 50.485843458443334 0.11986008113800854 0.0950209803237254 0.8989506085350639 0.007427123332027171 0.09211395895298612 0.06105596945652223 0.6908546921473958 0.04328992346150938
670.0078258106861 0.1333 0.1333 0.1333 770.6994 2922.3483 0.14465633707039735 0.09009594784083631 18.453746257294597 267.6542515381851 47.56043777963685 50.04886053660785 0.11994956669469127 0.09554554348268218 0.8996217502101844 0.010454226402358859 0.09759856183696693 0.06772145998756104 0.7319892137772519 0.04212162215222431
680.0078258106861 0.1259 0.1259 0.1333 864.9936 2803.9944 0.14445291557672232 0.09035259630117991 18.393383090841716 267.0641794813184 47.57099179410902 50.74886786121194 0.11670306117192014 0.09552937509650528 0.9267596034240718 0.0024103565940113035 0.09601619978851746 0.06817456846368417 0.7624815865558738 0.03103395130347214
690.0078258106861 0.1333 0.1333 0.1333 868.6605 2732.1908 0.14377920185843665 0.08983612435416263 18.307698921714973 264.7678037840741 47.502196327547054 50.149153466430896 0.1202897192305792 0.09665643692487029 0.902172894229344 0.01499258959124045 0.09929158668194402 0.07050382029561979 0.7446869001145802 0.046846946121044224
700.0078258106861 0.1259 0.1333 0.1333 978.1091 2777.9212 0.14366548634293125 0.09016527237644514 18.234791852306078 263.92476874098327 47.57031662083489 50.17308213112278 0.11975612610199009 0.09539609084090218 0.8981709457649255 0.011669636867481166 0.09777418069358759 0.06838884812279732 0.7333063552019068 0.04561115078909301
710.0078258106861 0.1333 0.1333 0.1333 1019.0476 2763.6985 0.1438793464148226 0.0909044439346177 18.177437289331667 263.9165131651299 47.66277466536475 50.03789029346356 0.12176529447768086 0.09727054007917682 0.9132397085826064 0.0013968724370460543 0.10154635054219067 0.07203187666210623 0.76159762906643 0.035516980856963656
720.0078258106861 0.1333 0.1333 0.1333 925.1352 2802.7338 0.14321744537931766 0.09023190781507724 18.08031531574751 261.32077183384024 47.68625557208081 48.95458070221261 0.11904271920249787 0.0928744816274989 0.8928203940187341 5.870438154636533E-4 0.10377839165986925 0.0736106965249678 0.7783379374490194 0.024305776137431654
730.0078258106861 0.1333 0.1333 0.1333 900.4631 2767.2302 0.14277981613740437 0.08976269455801893 18.01173408575668 259.7777547393969 47.56089090240731 49.045341483813175 0.12180636725817164 0.09745942725637126 0.9135477544362873 0.0023693563552134745 0.10128174446818768 0.07071925957685944 0.7596130835114077 0.027940765393441917
740.0078258106861 0.1333 0.1333 0.1333 1015.0864 2893.0939 0.14358560438893916 0.09124731628030903 17.983664137729495 261.3921748446375 47.81840145338254 49.47238851712367 0.12209904061764433 0.09768614295921993 0.9157428046323325 4.717036738559697E-4 0.10125041573282606 0.070584313646839 0.7593781179961954 0.027204591861758345
750.0078258106861 0.1333 0.1333 0.1333 934.6452 2706.959 0.14365662240145444 0.09154950812509764 17.930808008947707 261.102952514608 47.89330742893738 49.88296321826273 0.1189907349054109 0.09313083762698257 0.8924305117905817 0.003246449139339371 0.09870915254779235 0.06766183832966946 0.7403186441084425 0.030398111592265426
760.0078258106861 0.1333 0.1333 0.1333 1066.2689 2716.536 0.14337311113317924 0.0912851025110021 17.860060134370524 259.64489469605 47.77612480824495 49.553007197788766 0.1222032750619701 0.09787545257732451 0.9165245629647757 6.494801696626496E-4 0.10176632944761818 0.07127920759610186 0.7632474708571364 0.02727560413344349
770.0078258106861 0.1333 0.1333 0.1333 1006.2481 2755.8401 0.14514677613244467 0.08952339535877578 16.89449914094971 270.2446376851704 47.578391838565075 49.61335511840707 0.12102371014702011 0.09681661910798728 0.9076778261026509 0.007112588170279642 0.0961742372775034 0.0650839962827123 0.7213067795812755 0.03557843327487294
780.0078258106861 0.1333 0.1333 0.1333 736.2008 2817.8231 0.15001255209433598 0.0886243634130943 15.22758772474382 289.6849996538523 47.53733269678754 49.6865905483167 0.12300805455690987 0.09929559282110077 0.922560409176824 0.001657246127741131 0.10019851106005119 0.07010431844919146 0.7514888329503839 0.03435914128383709
790.0078258106861 0.1333 0.1333 0.1333 774.7308 2750.6286 0.14976378189833933 0.08837012825588753 15.184633361213226 288.38301645933046 47.517564780768005 49.689265069335484 0.1226343424553327 0.09869600695572132 0.9197575684149952 0.00166957478956792 0.10169230205275477 0.07180154470019351 0.7626922653956609 0.03217028937610641
800.0078258106861 0.1333 0.1333 0.1333 1028.7785 2797.6131 0.15107602829010766 0.09047718001056657 15.207868673532934 291.6605681091989 47.9169918168772 50.2014886119147 0.12285159078618993 0.09892372726127131 0.9213869308964245 7.117047501963335E-4 0.10372828758126382 0.07436621400187232 0.7779621568594786 0.03079769665681551
810.0078258106861 0.1333 0.1333 0.1333 975.4197 2817.9752 0.14985292189249047 0.08868407179073347 15.124257653097544 287.35636251107127 47.61208921183645 49.68191041133619 0.12122762792355993 0.09643398109458484 0.9092072094266994 0.0015466218687063993 0.10365332594003915 0.07412676753056016 0.7773999445502937 0.029712725765940515
820.0078258106861 0.1333 0.1333 0.1333 933.8845 2682.4492 0.14931911283274932 0.08793500884712278 15.069623054970526 285.20071026791265 47.45077628463513 48.94064195304513 0.12384504016819685 0.10046434851616126 0.9288378012614763 2.0494051473202656E-4 0.09924069793683567 0.06817769952011553 0.7443052345262675 0.029033137309500478
830.0078258106861 0.1333 0.1333 0.1333 815.1641 2762.022 0.1497929935592978 0.08872070551630737 15.061225305359844 285.99993223399144 47.57251251134723 49.50894701025115 0.12451144154495507 0.10153462080357507 0.933835811587163 9.822051985903049E-5 0.10442914634502656 0.07459751910920706 0.7832185975876993 0.025090480209455323
840.0078258106861 0.1333 0.1333 0.1333 756.7355 2800.3528 0.14908945748389282 0.08768781399285046 15.009446562900473 283.46055952298957 47.463076189631394 48.52208889205667 0.12476321488195731 0.10194913057110541 0.9357241116146798 1.2597251986120597E-4 0.10497624647688882 0.07535094980524047 0.7873218485766661 0.025115674074225942
850.0078258106861 0.1333 0.1333 0.1333 757.5327 2665.8314 0.14937032408041268 0.08815856222659814 14.99599986010209 283.7894090860639 47.50663033286643 48.85256785439002 0.12426278790763706 0.10114491799186619 0.931970909307278 2.1944167691334706E-4 0.10350995054180025 0.07335980533433671 0.7763246290635019 0.02520041244870607
860.0078258106861 0.1333 0.1333 0.1333 760.2721 2743.3984 0.1492595369838079 0.08802530341429833 14.969345867037049 283.0434349555748 47.53555256496918 48.909223692877966 0.12438761129296025 0.10135457075596813 0.9329070846972018 2.699219952547742E-4 0.1021817329830263 0.07201910682949157 0.7663629973726974 0.028734665457391062
870.0078258106861 0.1333 0.1333 0.1333 855.2371 2670.9106 0.1491311837092934 0.08786329669810437 14.938930035652323 282.2499929417824 47.521178699709274 49.40246584996533 0.12289453188905781 0.09915770436158969 0.9217089891679336 0.0020112939606266814 0.10379569120257387 0.07385514916584796 0.7784676840193039 0.026047282426500923
880.0078258106861 0.1333 0.1333 0.1333 803.999 2707.9233 0.14921046245226913 0.0880134781040132 14.918432996849507 282.05564692968557 47.44646671009293 49.25069399441113 0.12319581408806045 0.09951243579310735 0.9239686056604534 9.803436492272681E-4 0.09888101931198363 0.06809393407518949 0.7416076448398774 0.03205114961589219
890.0078258106861 0.1333 0.1333 0.1333 875.0231 2754.9932 0.1490301707285259 0.08776256334886211 14.887709280115473 281.13934596489617 47.42444782757343 49.292690511993946 0.12311769199160989 0.09939225616752603 0.9233826899370742 0.001026299415988982 0.10210320979364317 0.07227495346120558 0.7657740734523237 0.0315793430165896
900.0078258106861 0.1333 0.1333 0.1333 732.5559 2841.8557 0.14897410350898616 0.08768485908481218 14.867136257919718 280.53258039043493 47.511740193998584 48.84426413836262 0.1238097521194271 0.10040731239782202 0.9285731408957033 2.0646144816158815E-4 0.10616798397616362 0.07649471476852952 0.7962598798212273 0.021142762238910057
910.0078258106861 0.1333 0.1333 0.1333 1083.2899 2850.6668 0.1498403174862209 0.08902243188862415 14.877549167212582 282.58395921385534 47.659170115841796 49.410727516604936 0.12388910810867598 0.10054804694480138 0.9291683108150698 3.0116431562899747E-4 0.10719034632322418 0.07812262950049713 0.8039275974241814 0.022715227966072025
920.0078258106861 0.1333 0.1333 0.1333 796.5356 2710.9768 0.14915708815282736 0.08798958110419988 14.829768815302616 280.21589993725075 47.600491229731375 48.95543865570437 0.12491050328410974 0.10218641214317503 0.936828774630823 9.812004443424849E-5 0.10541017455586221 0.07566093049915465 0.7905763091689666 0.022846743366284134
930.0078258106861 0.1333 0.1333 0.1333 963.9205 2798.5373 0.148830246091194 0.08750895016134785 14.794919519676535 278.97958114592694 47.446125331341996 48.69501032215275 0.12493299784721695 0.10222994466176404 0.9369974838541271 1.511613289706891E-4 0.10588664706683365 0.07622122267395154 0.7941498530012524 0.0220664476216288
940.0078258106861 0.1333 0.1333 0.1333 889.6059 2765.759 0.14899100460508752 0.08776016713261461 14.780247753948707 279.07290475311737 47.494485714292836 49.01275037182957 0.12357648608332394 0.1000727811693485 0.9268236456249296 5.482578409819974E-4 0.10541141809524884 0.07596838266192935 0.7905856357143665 0.025256657487732377
950.0078258106861 0.1333 0.1333 0.1333 1036.8063 2861.9774 0.14926697619915227 0.08818279808605542 14.770016018391868 279.47295642037045 47.616488244988126 49.05339850484496 0.12470438509013738 0.1018533015013155 0.9352828881760303 1.2816111199129095E-4 0.10358866099738454 0.07337439080185355 0.776914957480384 0.024473969964889326
960.0078258106861 0.1333 0.1333 0.1333 807.0303 2840.4598 0.1488170468515793 0.0875081650789583 14.732987855003008 277.95760259774806 47.38230878720548 48.7703285788544 0.12485558735045663 0.10210012291212156 0.9364169051284248 1.2595264374520078E-4 0.10385489353004437 0.07397916546223382 0.7789117014753328 0.026390266370249656
970.0078258106861 0.1333 0.1333 0.1333 657.4737 2830.3314 0.14870021755977322 0.08733123797395595 14.715593404604592 277.44428733145054 47.405358895609226 48.85119576384051 0.12396864059025123 0.10065807604526647 0.9297648044268843 1.5092716886571555E-4 0.10548856410342095 0.07590083929652627 0.7911642307756571 0.02388443298921387
980.0078258106861 0.1333 0.1333 0.1333 978.9072 2819.9914 0.14964992369236996 0.0887641512239805 14.738182520471957 279.82273401272994 47.71322871756902 48.976421831489176 0.12280335374140218 0.09880512992375315 0.9210251530605164 3.885306875633418E-4 0.1096103675212855 0.08080468385251861 0.8220777564096412 0.016774292349102604
990.0078258106861 0.1333 0.1333 0.1333 994.086 2837.1155 0.1486159725723332 0.08719791257156852 14.684422815928544 276.8271168425017 47.43684151573728 48.63427283833505 0.12377460344990028 0.10034640331041729 0.9283095258742521 1.7554474502281246E-4 0.10663452365794948 0.07702897861966468 0.7997589274346211 0.020229376450449626
1000.0078258106861 0.1333 0.1333 0.1333 1028.695 2929.417 0.14925769644311812 0.08816743560951237 14.69962309660269 278.5544452375816 47.64234175983525 49.55448599820799 0.12269101110956643 0.09866084234040229 0.9201825833217483 6.747930526127458E-4 0.10621600180465156 0.07701738149244594 0.7966200135348869 0.02473619782025328
1010.0078258106861 0.1333 0.1333 0.1333 870.7815 2791.7641 0.14886608689804703 0.08756258520703904 14.677270988595538 277.3664171637208 47.44767628274031 48.84160675309629 0.1243230433061729 0.1012505799601489 0.9324228247962968 2.791445366299512E-4 0.10771196752224498 0.07884745470811798 0.8078397564168374 0.022642341585000995
1020.0078258106861 0.1333 0.1333 0.1333 995.6941 2809.6979 0.14917291895129547 0.08801403502076607 14.689603816179838 278.26847938681897 47.63362877923891 49.171475151892274 0.12426054799633332 0.10113971913820989 0.9319541099724999 2.0719648493212949E-4 0.10712672074871045 0.0777450761999768 0.8034504056153285 0.020443080233841587
1030.007825810686 0.1333 0.1333 0.1333 790.0127 2693.66 0.14904871785995027 0.08782527545265466 14.683105943638026 278.1048799434376 47.43302613533361 49.5232878444725 0.12250421849644949 0.09864606584939452 0.9187816387233712 0.0029224417175104547 0.1017130435855164 0.07197382836976145 0.7628478268913729 0.033310518379938384
1040.007825810686 0.1333 0.1333 0.1333 889.4231 2667.3306 0.14950249229032106 0.088489254018607 14.701390406226583 279.3964501994314 47.607738901341044 49.41636509968965 0.1218965733479262 0.09745898330675618 0.9142243001094466 0.0012311209941098316 0.10602927022900324 0.07683221263982973 0.7952195267175243 0.025322388308283414
1050.007825810686 0.1333 0.1333 0.1333 1122.2578 2774.4738 0.14932441709403194 0.08820835108544765 14.690520535621392 278.99120662123676 47.515691054272736 49.53620700834216 0.12310115994543926 0.09951365124536926 0.9232586995907944 0.002193287970952529 0.10484811118818492 0.07570863832112097 0.7863608339113869 0.02932288833630223
1060.007825810686 0.1333 0.1333 0.1333 903.3971 2738.6126 0.1497290042461292 0.08879934743581036 14.70128145273523 280.1286679731124 47.63622069803321 49.573261223307796 0.12135119981713606 0.09677909496869253 0.9101339986285204 0.0027196445079991274 0.10286632412887226 0.07246406347535755 0.7714974309665419 0.024996190840325495
1070.007825810686 0.1333 0.1333 0.1333 1108.7526 2729.4979 0.14960094515706185 0.08858768827587107 14.689419412812175 279.778534936196 47.583093593384 49.56713826901207 0.12249647586011353 0.09855739919263358 0.9187235689508515 0.002321455996385619 0.09799834954241846 0.06703775770731854 0.7349876215681386 0.03269608191704894
1080.007825810686 0.1333 0.1333 0.1333 891.2896 2711.9843 0.14969245462962424 0.08870043575291191 14.689341898359473 280.07907927829325 47.61190366456502 49.760231307190075 0.12334322598622163 0.0996744586125744 0.9250741948966622 3.815354994790828E-4 0.10137672467536822 0.07092188535984816 0.7603254350652616 0.02854436881103903
1090.007825810686 0.1333 0.1333 0.1333 773.5164 2672.7126 0.14971030832644353 0.08868671849316608 14.687248436342767 280.1032096981665 47.66010918906659 49.054723892696984 0.12295950893513759 0.09909238165483236 0.9221963170135319 6.718121635126221E-4 0.10335350264034976 0.0727986791232218 0.7751512698026234 0.02244793774802495
1100.007825810686 0.1333 0.1333 0.1333 840.7156 2711.096 0.1502600266118858 0.08949372704316769 14.70857445576116 281.92084034917855 47.73111674909701 49.762366139672835 0.12360138009159967 0.1002298395930957 0.9270103506869974 0.0014686315937565333 0.09976529554983302 0.06859209511914163 0.7482397166237477 0.026910766991016747
1110.007825810686 0.1333 0.1333 0.1333 994.8466 2823.9547 0.14986141849650492 0.08883356482545539 14.686212425632666 280.7342293205739 47.61084892069468 49.16363842372697 0.12391677115410202 0.10064792387272042 0.9293757836557652 7.345871712082572E-4 0.1024538823832722 0.07215739961289866 0.7684041178745417 0.026950075859423824
1120.007825810686 0.1333 0.1333 0.1333 960.0997 2722.2091 0.14934257884347127 0.08799225623132757 14.668441012156928 279.4236445391895 47.470482941272834 48.77075890378836 0.12406519033523988 0.1008235680265756 0.9304889275142991 2.1927444849484628E-4 0.09842103253936835 0.06708330546564581 0.7381577440452625 0.028769646642956555
1130.007825810686 0.1333 0.1333 0.1333 895.2866 2714.847 0.1500036896144303 0.08893819846044256 14.69906580941097 281.54363624373076 47.683462096897024 49.1565696097767 0.12445666700864269 0.1014717677459364 0.9334250025648201 3.0670620650344375E-4 0.09799367799297534 0.06613067054243718 0.734952584947315 0.02559336115311959
1140.007825810686 0.1333 0.1333 0.1333 984.5404 2746.3109 0.15025898462524304 0.0892570076363803 14.710791632904806 282.57796702295093 47.694867693627224 49.786943885075424 0.12393542806915275 0.10065739526903487 0.9295157105186457 5.705559338454791E-4 0.10007791845447765 0.0695351431010837 0.7505843884085824 0.031119362307723365
1150.007825810686 0.1333 0.1333 0.1333 921.7285 2814.7812 0.1498345746641702 0.08853154024815338 14.685920129068874 281.3239397208553 47.585261633990136 49.25334400563136 0.1237103373026645 0.1002744647967514 0.9278275297699836 4.294736928930072E-4 0.1009669957733766 0.0705182024411332 0.7572524683003247 0.02964181385056915
1160.007825810686 0.1333 0.1333 0.1333 1104.9821 2846.1784 0.15126890358466297 0.08828411851774919 14.25226860753508 285.97363878124054 47.5674489060071 49.20996123094749 0.12127838429893253 0.09658390287603673 0.909587882241994 0.002093010779639679 0.10346243934783704 0.07384614409234704 0.7759682951087779 0.029541488597395242
1170.007825810686 0.1333 0.1333 0.1333 923.2125 2896.0821 0.15312371426831703 0.08712000873353894 13.50226208358917 291.06292341604336 47.55063839231248 49.12138942388205 0.1229669582017839 0.09909230113518877 0.9222521865133793 5.766154039660401E-4 0.10628502255271206 0.07735117326640867 0.7971376691453406 0.026610187411733155
1180.007825810686 0.1333 0.1333 0.1333 947.9122 2729.2267 0.15501001843196632 0.0859821524808006 12.760915811462132 295.156559872835 47.42588502583081 48.56592367281397 0.1236797097739621 0.10020525118231634 0.9275978233047159 2.7501166799434726E-4 0.10471601318111733 0.07511718068364656 0.7853700988583799 0.026089741975753925
1190.007825810686 0.1333 0.1333 0.1333 902.365 2786.3571 0.15652042567557348 0.08580151618352973 12.338816792969013 298.4163879148206 47.474453554053866 48.70054664568506 0.12356126571173492 0.10001497171855236 0.926709492838012 2.867445926516011E-4 0.10481640447209326 0.0747226921808059 0.7861230335406995 0.021894455291858753
1200.007825810686 0.1333 0.1333 0.1333 874.3461 2765.8756 0.1587437456186688 0.08887550776651039 12.469058404052083 306.2385852586002 48.150004643141266 49.86499279492398 0.12185983635650112 0.09734629279676292 0.9139487726737584 8.050843085344491E-4 0.11323488699421506 0.0851736960190908 0.8492616524566129 0.009520455232829168
1210.007825810686 0.1333 0.1333 0.1333 910.9815 2797.3563 0.1566282727746234 0.08548157182508882 12.390328938291956 299.8385270797703 47.468412718581604 48.479770180450956 0.12361315230028731 0.1000849705512796 0.9270986422521548 1.7650184736401112E-4 0.11028582813502509 0.0819190460472965 0.827143711012688 0.017891256418787544
1220.007825810686 0.1333 0.1333 0.1333 911.0663 2809.7085 0.15670993606365904 0.0853702575371827 12.405263592533396 300.3941974872316 47.44586834434295 48.56566959545914 0.12363252513895147 0.10012963931673828 0.9272439385421359 2.813560034135737E-4 0.10792118259301098 0.07873033636576786 0.8094088694475823 0.019390510184847876
1230.007825810686 0.1333 0.1333 0.1333 866.6391 2758.5 0.15709425141044073 0.08561997375723499 12.442285699513699 301.98977578756086 47.47326020542185 48.83345502321818 0.12382812007198975 0.10044720749219561 0.9287109005399231 2.861405976534374E-4 0.1044046805227073 0.07380190094067418 0.7830351039203047 0.019082866593837417
1240.007825810686 0.1333 0.1333 0.1333 972.4359 2799.4119 0.1584238486099993 0.08718832303353477 12.522797140458183 306.5176043411228 47.85449317381412 49.26492206572422 0.12291816287250554 0.09902197320678545 0.9218862215437915 6.415767259744671E-4 0.11350829121477672 0.08599105750448886 0.8513121841108253 0.012763277792883639
1250.007825810686 0.1333 0.1333 0.1333 953.8215 2806.341 0.157584258661533 0.08557187069634582 12.498664706983982 304.16970523623064 47.547457612938324 49.18355563854489 0.12367297846234153 0.10018662287836955 0.9275473384675614 2.1412059815998486E-4 0.10999414962790037 0.0820143605861728 0.8249561222092526 0.021959041343935833
1260.007825810686 0.1333 0.1333 0.1333 996.1575 2799.1507 0.1567507727274419 0.08606341155369747 12.983100613994008 303.3251683192886 47.61093908086815 48.73654064908047 0.12432022515098222 0.10123103507893398 0.9324016886323666 1.6125416065329302E-4 0.11194942855980433 0.0840636014193204 0.8396207141985325 0.015711804017256793
1270.007825810686 0.1333 0.1333 0.1333 979.5487 2838.0004 0.1547864340769938 0.08783821368191853 14.092971452550872 299.49435893606903 47.720453359599226 49.53449123512854 0.12125891050905029 0.09644967059987256 0.909441828817877 0.0012787409603927837 0.10829916296379231 0.07922145230006376 0.8122437222284424 0.019043101478594043
1280.007825810686 0.1333 0.1333 0.1333 1042.6017 2743.67 0.15167575798004382 0.08737547612509627 14.967435925810525 289.79621692702733 47.64896625723282 48.43745489436365 0.12421640856882629 0.10106055780233121 0.9316230642661973 1.4934218221662968E-4 0.10600926222255212 0.07580661876050325 0.795069466669141 0.01745728160978869
1290.007825810686 0.1333 0.1333 0.1333 810.7296 2773.8498 0.15191967904236733 0.08722254201078529 15.000053916040796 290.6173726604873 47.487707105371705 48.75938761052047 0.12416985556551004 0.10099653763797609 0.9312739167413254 2.4157403801272983E-4 0.09831114826116422 0.06648871362772177 0.7373336119587315 0.025198722532858858
1300.007825810686 0.1333 0.1333 0.1333 728.3714 2695.6881 0.15269861376685315 0.08710874060574206 14.88575010359471 293.0261136649065 47.499680265113255 48.60280016828857 0.12458946884365835 0.10167079464116247 0.9344210163274375 1.683155380643795E-4 0.1009567404171539 0.06963049176905069 0.7571755531286541 0.022751454839067257
1310.007825810686 0.1333 0.1333 0.1333 1090.4228 2835.5287 0.15547593769430929 0.08747964295713634 14.365788905431064 301.66051543013765 47.63047568437521 49.641892689908445 0.12432409044667843 0.10127005268948809 0.9324306783500883 4.191958534273061E-4 0.09885377195712895 0.06768333393791802 0.7414032896784672 0.029092757395445982
1320.007825810686 0.1333 0.1333 0.1333 992.3301 2945.7607 0.15756826792328585 0.08674711286200995 13.812291686727043 307.438797718455 47.6013235539002 49.34272448321206 0.12381177843253897 0.10044684382433332 0.9285883382440423 4.921624979122322E-4 0.09924787728057051 0.06860269804230662 0.7443590796042787 0.03230956959973664
1330.007825810686 0.1333 0.1333 0.1333 916.4941 2758.7877 0.15880462538757872 0.08596375830283595 13.380754980293004 310.5941379013966 47.45102820411966 49.89488595620499 0.12209254041219836 0.09848910553464117 0.9156940530914877 0.006882870547933532 0.09618988479701722 0.06558136266118247 0.7214241359776291 0.039343480391163636
1340.007825810686 0.1333 0.1333 0.1333 880.0362 2802.6783 0.16123660913631382 0.08534036477565035 12.666394158471187 315.753946438664 47.57723727656391 49.64955704379336 0.12253056322547438 0.09878370808437437 0.9189792241910579 0.003674175128663849 0.09463596189772855 0.0624240651351547 0.7097697142329642 0.02976265830177331
1350.007825810686 0.1333 0.1333 0.1333 733.4778 2840.898 0.1617715305707703 0.08559711257725712 12.71154072621865 317.4932460222114 47.58024947900728 50.06275458743792 0.12177940968431139 0.09770340447343084 0.9133455726323354 0.004631417217948845 0.09622827255732187 0.06519346430518103 0.7217120441799142 0.035904654785317944
1360.007825810686 0.1333 0.1333 0.1333 975.6074 2819.6665 0.16334545656758231 0.08758177043716382 12.80103518277633 322.4779689930962 48.045919240400075 49.984820335568415 0.11820773028356663 0.09160945045451797 0.8865579771267498 8.411547479443551E-4 0.10119565967563462 0.07053163896684769 0.7589674475672596 0.02736158074565453
1370.007825810686 0.1333 0.1333 0.1333 931.1179 2647.5829 0.16182697203687904 0.08574355218747318 12.738193815182079 318.14896868915554 47.484025200429556 49.82712814135485 0.12120156115819736 0.09669853496426228 0.9090117086864802 0.003958118550408525 0.09195870968980752 0.06053211215945595 0.6896903226735566 0.04063578040059007
1380.007825810686 0.1333 0.1333 0.1333 962.0934 2797.8726 0.16246717360735885 0.08658803670549944 12.785539408928956 320.5218506851013 47.57564407384202 49.926732593915375 0.12144068573521921 0.09697326792946977 0.9108051430141441 0.003128715841714295 0.09522076447220751 0.06518491032351634 0.7141557335415563 0.045793574120403815
1390.007825810686 0.1333 0.1333 0.1333 997.1882 2765.1051 0.1618796685712803 0.08630502454094287 12.769608672109701 319.36759050474694 47.603629452737664 50.7732080673418 0.12236716361179725 0.09841833654735657 0.9177537270884795 0.0028597294954695912 0.09563638705715628 0.06519660468945085 0.7172729029286721 0.04179120699324155
1400.007825810686 0.1333 0.1333 0.1333 1082.9503 2822.9475 0.16151735683711485 0.08751443090520777 13.098641845232567 319.33638634633894 47.83481127090712 50.05906254473349 0.12253911706898206 0.0984424337017082 0.9190433780173655 8.759245564020208E-4 0.09833925544773547 0.06784655385758817 0.737544415858016 0.03561639277933444
1410.007825810686 0.1333 0.1333 0.1333 1037.5156 2737.6129 0.15735965366354454 0.08674092569473076 14.100836297784852 308.4626362524041 47.650868894413954 49.26529671654628 0.12394714028804626 0.1006959935599977 0.929603552160347 7.249420993657544E-4 0.10201165268683747 0.07163013089349854 0.765087395151281 0.027461263123918056
1420.007825810686 0.1333 0.1333 0.1333 1033.7303 2787.7412 0.15460038102043816 0.08673330978375245 14.835508354613072 300.4812359059265 47.536131005118634 48.670069793209905 0.12382618467430889 0.10045794378328793 0.9286963850573167 3.955086653846469E-4 0.10292843481305221 0.07281039595211922 0.7719632610978917 0.027066326142332425
1430.007825810686 0.1333 0.1333 0.1333 837.4051 2791.344 0.15272553211893997 0.08647775489682002 15.2860396307198 294.8412647802349 47.48929465711927 48.522400772232956 0.12407448675359345 0.10085176325698729 0.9305586506519509 3.2244708862787285E-4 0.10642744805391759 0.07659487857728477 0.7982058604043819 0.019085014014549623
1440.007825810686 0.1333 0.1333 0.1333 791.3958 2866.9322 0.15445725190781553 0.08946286724528776 15.4077729685776 300.6926769182829 47.99134275813662 49.513206996699154 0.11979563809626081 0.0941234029334202 0.8984672857219561 0.0011492918989461942 0.10636864108900285 0.07681794921216747 0.7977648081675213 0.0214892731577465
1450.007825810686 0.1333 0.1333 0.1333 1005.227 2846.4857 0.15222729177003566 0.08676865162638721 15.322526279388152 294.73141846732625 47.446714729004675 49.01770870192367 0.12371522512934174 0.10030751868373605 0.927864188470063 6.275910938450379E-4 0.10671545480639004 0.07792278141918857 0.8003659110479254 0.02638338127747683
1460.007825810686 0.1333 0.1333 0.1333 954.0588 2775.4109 0.1518912801669513 0.08672024920056559 15.342995094503394 294.37869908653744 47.47272132265558 48.62473510495006 0.12449958091394782 0.10152840859509098 0.9337468568546087 2.0170269663155705E-4 0.1023133793311741 0.07121183485772442 0.7673503449838058 0.020981862386209044
1470.007825810686 0.1333 0.1333 0.1333 726.0588 2882.0943 0.15161641189857256 0.08695419079510873 15.350806955302804 294.1315370434502 47.4617363479982 48.68625344458689 0.1240953379356216 0.100875084348623 0.930715034517162 2.391697226754834E-4 0.10548336707055948 0.07568444994541727 0.7911252530291961 0.022235370787644433
1480.007825810686 0.1333 0.1333 0.1333 1117.6941 2891.5497 0.15208937926219757 0.08824368638754715 15.399534491205928 296.0635236979811 47.6736489801673 49.216002608918004 0.12381059702719346 0.10044404648394482 0.928579477703951 4.852132239242793E-4 0.10559750573129319 0.0758318364162655 0.7919812929846991 0.02215352542066064
1490.007825810686 0.1333 0.1333 0.1333 1029.0111 2884.7544 0.15324984401436337 0.09053573093850177 15.49303515539967 300.46598291308953 48.11025415328023 49.97103336499539 0.12098643320701655 0.09592640693970869 0.907398249052624 5.612849843647802E-4 0.10008164871482617 0.06884159958626951 0.7506123653611962 0.02561406736725057
1500.007825810686 0.1333 0.1333 0.1333 1010.4887 2718.0562 0.15150332301605907 0.08830549288655878 15.430913615634315 295.433156117331 47.635103407048824 49.049694507095616 0.12289667375130012 0.09896433021373616 0.921725053134751 4.598765206459079E-4 0.10174366195520383 0.07087538663866004 0.7630774646640286 0.024330660186021855
1510.007825810686 0.1333 0.1333 0.1333 935.1897 2691.5545 0.151343173068764 0.08846855995308267 15.444479855341754 295.33177425844883 47.71027194494381 48.86822854224785 0.12202249529695297 0.09758951727985175 0.9151687147271472 6.74611965931249E-4 0.10087103308925699 0.06922193013716105 0.7565327481694275 0.020423916068005137
1520.007825810686 0.1333 0.1333 0.1333 974.5705 2718.7474 0.15127916766262642 0.08881095433359981 15.458534887819528 295.6179788501649 47.66348242216287 49.4024961123734 0.11992834492164867 0.09429254379713337 0.8994625869123649 8.404072256788857E-4 0.09978713118957144 0.06894333190201388 0.7484034839217858 0.029454422872241648
1530.007825810686 0.1333 0.1333 0.1333 987.0576 2761.9411 0.15090423533875003 0.08862696021780103 15.457481842818313 294.8945436982328 47.52853001465931 49.977508089975736 0.1232582433941945 0.09979056842081062 0.9244368254564587 0.0023784963489651458 0.09748073642252583 0.06652364259659757 0.7311055231689438 0.03386644977748123
1540.007825810686 0.1333 0.1333 0.1333 949.2544 2809.225 0.15057770365411607 0.08844121685158837 15.463072584768236 294.1953343920347 47.51021776916999 49.4826088012438 0.12347536637706524 0.10011340787262162 0.9260652478279894 0.0021579941452773478 0.09294043695827567 0.06152997675763235 0.6970532771870677 0.039131638483643094
1550.007825810686 0.1333 0.1333 0.1333 774.8165 2851.4743 0.1512904931429159 0.08976427022885272 15.522566477892726 296.81042132656927 47.769024028609394 50.038124240785116 0.12110000869872052 0.09648662325946647 0.9082500652404039 0.0035578760602945135 0.09545852869364756 0.0646159032440378 0.7159389652023568 0.03896828500816037
1560.007825810686 0.1259 0.1333 0.1333 846.8153 2911.1227 0.15091620812145617 0.08944000678167713 15.523835118733741 295.95127196121604 47.67818877588513 50.41547848626115 0.11908792084144103 0.09508729667353753 0.8931594063108077 0.01747362605782345 0.09642764663627976 0.06577491387420759 0.7232073497720983 0.038505180895262885
1570.007825810686 0.1259 0.1333 0.1333 1089.5184 2844.0177 0.15133159179936145 0.0902618311495013 15.56889640328491 297.77274069706834 47.790725261778064 50.91854646884446 0.1176984823852755 0.09358225302018876 0.8827386178895662 0.022592553617262534 0.09340300115533666 0.06292031184938168 0.700522508665025 0.04564152585495553
1580.007825810686 0.1259 0.1333 0.1333 837.275 2775.6646 0.15076059963680408 0.08957625889052731 15.548697693491047 296.0519857685809 47.5416645491815 50.60229060674136 0.11811222408726026 0.09331818255646265 0.885841680654452 0.015474995581446271 0.08842390229069177 0.058759290389002496 0.6631792671801883 0.059574103624175125
1590.007825810686 0.1333 0.1333 0.1333 805.4058 2871.17 0.15147194781485956 0.09074954507883104 15.609125293450738 298.6865099369398 47.84965096632882 50.43210788989324 0.12116733486234449 0.09642448728935768 0.9087550114675835 0.00222616654363253 0.0904395385620713 0.058996661723683355 0.6782965392155349 0.0428357663076438
1600.007825810686 0.1333 0.1333 0.1333 1005.2296 2766.2899 0.15135350036726639 0.09066391695841142 15.620528865049723 298.6371648592231 47.67475727348934 50.61519089507158 0.11821062922177189 0.09258558538444794 0.8865797191632891 0.008500017998951129 0.08800070002757533 0.05737490984238335 0.6600052502068149 0.05251587095238898
1610.007825810686 0.1259 0.1259 0.1333 815.4102 2795.3559 0.15063708181590724 0.08961736880585282 15.601543251111895 296.4490586390884 47.529254965747775 50.19066200545222 0.11800151588846576 0.09482783346608074 0.8850113691634932 0.02872386806447427 0.08605971161159268 0.05534379000694891 0.6454478370869451 0.053944850511045896
1620.007825810686 0.1333 0.1333 0.1333 1086.0579 2756.1827 0.15127451161113548 0.09061175755043727 15.66356625285929 298.9773677738007 47.68557323656155 50.088001332822515 0.11450220591409263 0.08805501443934777 0.8587665443556948 0.017334369569442443 0.08873309294882363 0.05894213856385474 0.6654981971161773 0.05818800599202233
1630.007825810686 0.1333 0.1333 0.1333 1085.8145 2803.8304 0.15129632120811756 0.09064734591180848 15.680427672983036 299.0939034559035 47.85794371961286 50.033942132321236 0.11611676409596543 0.09003426235586041 0.8708757307197407 0.013715785724804872 0.0893415319347878 0.05833223937650316 0.6700614895109086 0.04778792004308422
1640.007825810686 0.1333 0.1333 0.1333 890.2465 2802.4022 0.15031382094464119 0.08915672893489186 15.642649633545126 296.27233516396745 47.49708292390147 49.832942848748374 0.12087655513166694 0.09679723062625556 0.9065741634875021 0.008797186295909133 0.09003808398113712 0.05932297209962944 0.6752856298585284 0.04914774257722717
1650.007825810686 0.1333 0.1333 0.1333 818.1153 2785.3955 0.1511722039876761 0.09044164051834254 15.698393015386278 299.238825122783 47.76992149455308 49.92838236382134 0.12105031032531659 0.09615931120269423 0.9078773274398743 0.001599078291934451 0.08991243770632845 0.05886863856789154 0.6743432827974635 0.046733606144360354
1660.007825810686 0.1333 0.1333 0.1333 1079.1692 2740.8555 0.1509020102917488 0.09074284640580921 15.870342014391914 298.23917386541285 47.913461207402044 50.06739945928032 0.11919163635460107 0.09417234547611394 0.893937272659508 0.008986016092970868 0.0936247195583136 0.06289112014233134 0.7021853966873519 0.043270972380306916
1670.007825810686 0.1333 0.1333 0.1333 1131.6634 2714.6962 0.1497007113131218 0.09037152263503476 16.168556489557012 293.86935652103693 47.725017370629146 49.593566372615676 0.12060000324927989 0.09593102875704194 0.9045000243695991 0.0054165450425773904 0.09351564459125924 0.06230803332614241 0.7013673344344444 0.03972851269652413
1680.007825810686 0.1333 0.1333 0.1333 927.5678 2652.1913 0.1472177726680696 0.09033360374154681 16.918080593166998 283.632504679395 47.59095746312385 50.07326013655111 0.12219675529931043 0.09792694043540764 0.9164756647448282 0.0011375747565195381 0.09502196374587653 0.06464980628259676 0.7126647280940741 0.043527894883841886
1690.007825810686 0.1333 0.1333 0.1333 832.078 2700.1514 0.14642542264352829 0.09126269001378959 17.41781296927406 278.9773484434307 47.806825483579935 49.80707659067076 0.12162600350878433 0.09709685257371095 0.9121950263158826 0.001777758513207941 0.09239084345547807 0.060804573735859235 0.6929313259160856 0.038671367682720996
1700.007825810686 0.1333 0.1333 0.1333 1008.2455 2805.466 0.1445415278734181 0.09125030195196523 18.051047738018834 269.92761444852835 47.75225608887863 50.52898363793891 0.12148734165785109 0.09746297544983965 0.9111550624338831 0.006403727330341358 0.09503164925987224 0.06354103003146164 0.7127373694490418 0.034693113081958334
1710.007825810686 0.1333 0.1333 0.1333 1037.7277 2833.9116 0.14360775660306174 0.09111841826512622 18.37896995944969 265.1715267341397 47.596145880060796 50.10324420896947 0.11847820825659039 0.09319365418704734 0.888586561924428 0.01002393198556491 0.09116164725665118 0.05999541301564845 0.683712354424884 0.04393935529662724
1720.007825810686 0.1333 0.1333 0.1333 825.8977 2748.2438 0.14354876632976607 0.09075795881719569 18.413145938197374 265.44127492121476 47.50650739827664 49.836889641688444 0.11700672474517419 0.09139725622016012 0.8775504355888064 0.013750233427567767 0.08752581743419423 0.05755749668623346 0.6564436307564566 0.05825764743106282
1730.007825810686 0.1333 0.1333 0.1333 990.2218 2781.6227 0.14431390605568728 0.09154679183022274 18.491855219051782 267.8184912366952 47.67141770479918 50.035180131400324 0.11799253917385914 0.0928167925745622 0.8849440438039438 0.012981483448927633 0.08917833839570406 0.05841676509565478 0.6688375379677806 0.04995797344581418
1740.007825810686 0.1259 0.1333 0.1333 887.1031 2761.9191 0.14578020340213152 0.09332902707182354 18.616940218072067 272.8508532728487 47.93263244869205 51.22113779077718 0.11690884658450337 0.09266614099021822 0.8768163493837754 0.024933828715342818 0.09219444040154601 0.06170882260981998 0.691458303011595 0.047670276869326164
1750.007825810686 0.1333 0.1333 0.1333 880.5836 2750.8331 0.14457803410308262 0.09100455222963383 18.580727294608828 269.0890297696513 47.53819332943021 50.12627836530712 0.11547229587622669 0.0902364934538955 0.8660422190717002 0.023013868792568636 0.08700858464857769 0.056946721211090574 0.6525643848643327 0.05810307826762634
1760.007825810686 0.1333 0.1333 0.1333 863.8275 2704.7625 0.1450694267779515 0.09110536335828624 18.64060824395435 270.49649068157885 47.557238066404 50.17382157562291 0.11856206200151823 0.09354882089179595 0.8892154650113867 0.011797492078832959 0.08587215609199919 0.05555095124912285 0.6440411706899939 0.05724227097059809
1770.007825810686 0.1333 0.1333 0.1333 747.9398 2761.3188 0.14553965541708377 0.09101316985104989 18.708238244283894 272.2054042195009 47.444762297088836 50.920536169485786 0.11486260110697766 0.08928046516160072 0.8614695083023325 0.022726988081987337 0.09333985418438467 0.06464963947373494 0.7000489063828852 0.059881384515626246
1780.007825810686 0.1333 0.1333 0.1333 1049.2444 2677.9064 0.1458075866176822 0.09035781409895455 18.75101476325189 272.14281208410955 47.54431329488303 49.86963907539928 0.12065921687944704 0.09577037289746984 0.9049441265958528 0.0034127977058697697 0.09313594499690724 0.06315390392605802 0.6985195874768043 0.050054185076885215
1790.007825810686 0.1333 0.1333 0.1333 1127.4295 2760.569 0.14661596649705289 0.09018014823663341 18.8264601220565 273.61330807498547 47.70752320050429 49.862564077680325 0.11973499231887985 0.09581404410693863 0.8980124423915989 0.015225347174341626 0.09509365797609495 0.06385988621554224 0.7132024348207121 0.03659790762054363
1800.007825810686 0.1333 0.1333 0.1333 1076.9764 2840.8315 0.14884656436257881 0.09153429976660968 18.966644641303148 278.7124696295732 47.860234934413505 50.37475736175324 0.11938130465180197 0.0938380388681362 0.8953597848885148 0.004015209162279585 0.09759228309049753 0.06674684907882893 0.7319421231787314 0.034502655194248444
#####################################################################
# End of data export. Simulation finished at: 2024-04-28T16:01+0000 #
#####################################################################
